
===============================================================================
day 1
===============================================================================

===============================================================================
parts buffer status on line 7:RED and buffer = [0, 0, 0, 0, 0, 0, 0, 0, 0, 0, 0, 0, 0, 0, 0, 0, 0, 0, 0, 0, 0, 0, 0, 0, 0, 0, 0, 0, 0, 0, 0, 0, 0, 0, 0, 0, 0, 0, 0, 0, 0, 0, 0, 0, 0, 0, 0, 0, 0, 0, 0, 0, 0, 0, 0, 0, 0, 0, 0, 0, 0, 0, 0, 0, 0, 0, 0, 0, 0, 0, 0, 0, 0, 0, 0, 0, 0, 0, 0, 0, 0, 0, 0, 0, 0, 0, 0, 0, 0, 0, 0, 0, 0, 0, 0, 0, 0, 0, 0, 0]
===============================================================================

===============================================================================
LINE 7 BROKE: LACK OF PART STOCK
===============================================================================

===============================================================================
day 2
===============================================================================

===============================================================================
parts buffer status on line 7:RED and buffer = [0, 0, 0, 0, 0, 0, 0, 0, 0, 0, 0, 0, 0, 0, 0, 0, 0, 0, 0, 0, 0, 0, 0, 0, 0, 0, 0, 0, 0, 0, 0, 0, 0, 0, 0, 0, 0, 0, 0, 0, 0, 0, 0, 0, 0, 0, 0, 0, 0, 0, 0, 0, 0, 0, 0, 0, 0, 0, 0, 0, 0, 0, 0, 0, 0, 0, 0, 0, 0, 0, 0, 0, 0, 0, 0, 0, 0, 0, 0, 0, 0, 0, 0, 0, 0, 0, 0, 0, 0, 0, 0, 0, 0, 0, 0, 0, 0, 0, 0, 0]
===============================================================================

===============================================================================
day 3
===============================================================================

===============================================================================
parts buffer status on line 7:RED and buffer = [0, 0, 0, 0, 0, 0, 0, 0, 0, 0, 0, 0, 0, 0, 0, 0, 0, 0, 0, 0, 0, 0, 0, 0, 0, 0, 0, 0, 0, 0, 0, 0, 0, 0, 0, 0, 0, 0, 0, 0, 0, 0, 0, 0, 0, 0, 0, 0, 0, 0, 0, 0, 0, 0, 0, 0, 0, 0, 0, 0, 0, 0, 0, 0, 0, 0, 0, 0, 0, 0, 0, 0, 0, 0, 0, 0, 0, 0, 0, 0, 0, 0, 0, 0, 0, 0, 0, 0, 0, 0, 0, 0, 0, 0, 0, 0, 0, 0, 0, 0]
===============================================================================

===============================================================================
LINE 7 BROKE: LACK OF PART STOCK
===============================================================================

===============================================================================
day 4
===============================================================================

===============================================================================
parts buffer status on line 7:RED and buffer = [0, 0, 0, 0, 0, 0, 0, 0, 0, 0, 0, 0, 0, 0, 0, 0, 0, 0, 0, 0, 0, 0, 0, 0, 0, 0, 0, 0, 0, 0, 0, 0, 0, 0, 0, 0, 0, 0, 0, 0, 0, 0, 0, 0, 0, 0, 0, 0, 0, 0, 0, 0, 0, 0, 0, 0, 0, 0, 0, 0, 0, 0, 0, 0, 0, 0, 0, 0, 0, 0, 0, 0, 0, 0, 0, 0, 0, 0, 0, 0, 0, 0, 0, 0, 0, 0, 0, 0, 0, 0, 0, 0, 0, 0, 0, 0, 0, 0, 0, 0]
===============================================================================

===============================================================================
LINE 7 BROKE: LACK OF PART STOCK
===============================================================================

===============================================================================
day 5
===============================================================================

===============================================================================
parts buffer status on line 7:RED and buffer = [0, 0, 0, 0, 0, 0, 0, 0, 0, 0, 0, 0, 0, 0, 0, 0, 0, 0, 0, 0, 0, 0, 0, 0, 0, 0, 0, 0, 0, 0, 0, 0, 0, 0, 0, 0, 0, 0, 0, 0, 0, 0, 0, 0, 0, 0, 0, 0, 0, 0, 0, 0, 0, 0, 0, 0, 0, 0, 0, 0, 0, 0, 0, 0, 0, 0, 0, 0, 0, 0, 0, 0, 0, 0, 0, 0, 0, 0, 0, 0, 0, 0, 0, 0, 0, 0, 0, 0, 0, 0, 0, 0, 0, 0, 0, 0, 0, 0, 0, 0]
===============================================================================

===============================================================================
LINE 7 BROKE: LACK OF PART STOCK
===============================================================================

===============================================================================
day 6
===============================================================================

===============================================================================
parts buffer status on line 7:RED and buffer = [0, 0, 0, 0, 0, 0, 0, 0, 0, 0, 0, 0, 0, 0, 0, 0, 0, 0, 0, 0, 0, 0, 0, 0, 0, 0, 0, 0, 0, 0, 0, 0, 0, 0, 0, 0, 0, 0, 0, 0, 0, 0, 0, 0, 0, 0, 0, 0, 0, 0, 0, 0, 0, 0, 0, 0, 0, 0, 0, 0, 0, 0, 0, 0, 0, 0, 0, 0, 0, 0, 0, 0, 0, 0, 0, 0, 0, 0, 0, 0, 0, 0, 0, 0, 0, 0, 0, 0, 0, 0, 0, 0, 0, 0, 0, 0, 0, 0, 0, 0]
===============================================================================

===============================================================================
LINE 7 BROKE: LACK OF PART STOCK
===============================================================================

===============================================================================
day 7
===============================================================================

===============================================================================
parts buffer status on line 7:RED and buffer = [0, 0, 0, 0, 0, 0, 0, 0, 0, 0, 0, 0, 0, 0, 0, 0, 0, 0, 0, 0, 0, 0, 0, 0, 0, 0, 0, 0, 0, 0, 0, 0, 0, 0, 0, 0, 0, 0, 0, 0, 0, 0, 0, 0, 0, 0, 0, 0, 0, 0, 0, 0, 0, 0, 0, 0, 0, 0, 0, 0, 0, 0, 0, 0, 0, 0, 0, 0, 0, 0, 0, 0, 0, 0, 0, 0, 0, 0, 0, 0, 0, 0, 0, 0, 0, 0, 0, 0, 0, 0, 0, 0, 0, 0, 0, 0, 0, 0, 0, 0]
===============================================================================

===============================================================================
LINE 7 BROKE: LACK OF PART STOCK
===============================================================================

===============================================================================
day 8
===============================================================================

===============================================================================
parts buffer status on line 7:RED and buffer = [0, 0, 0, 0, 0, 0, 0, 0, 0, 0, 0, 0, 0, 0, 0, 0, 0, 0, 0, 0, 0, 0, 0, 0, 0, 0, 0, 0, 0, 0, 0, 0, 0, 0, 0, 0, 0, 0, 0, 0, 0, 0, 0, 0, 0, 0, 0, 0, 0, 0, 0, 0, 0, 0, 0, 0, 0, 0, 0, 0, 0, 0, 0, 0, 0, 0, 0, 0, 0, 0, 0, 0, 0, 0, 0, 0, 0, 0, 0, 0, 0, 0, 0, 0, 0, 0, 0, 0, 0, 0, 0, 0, 0, 0, 0, 0, 0, 0, 0, 0]
===============================================================================

===============================================================================
LINE 7 BROKE: LACK OF PART STOCK
===============================================================================

===============================================================================
day 9
===============================================================================

===============================================================================
parts buffer status on line 7:RED and buffer = [0, 0, 0, 0, 0, 0, 0, 0, 0, 0, 0, 0, 0, 0, 0, 0, 0, 0, 0, 0, 0, 0, 0, 0, 0, 0, 0, 0, 0, 0, 0, 0, 0, 0, 0, 0, 0, 0, 0, 0, 0, 0, 0, 0, 0, 0, 0, 0, 0, 0, 0, 0, 0, 0, 0, 0, 0, 0, 0, 0, 0, 0, 0, 0, 0, 0, 0, 0, 0, 0, 0, 0, 0, 0, 0, 0, 0, 0, 0, 0, 0, 0, 0, 0, 0, 0, 0, 0, 0, 0, 0, 0, 0, 0, 0, 0, 0, 0, 0, 0]
===============================================================================

===============================================================================
LINE 7 BROKE: LACK OF PART STOCK
===============================================================================

===============================================================================
day 10
===============================================================================

===============================================================================
parts buffer status on line 7:RED and buffer = [0, 0, 0, 0, 0, 0, 0, 0, 0, 0, 0, 0, 0, 0, 0, 0, 0, 0, 0, 0, 0, 0, 0, 0, 0, 0, 0, 0, 0, 0, 0, 0, 0, 0, 0, 0, 0, 0, 0, 0, 0, 0, 0, 0, 0, 0, 0, 0, 0, 0, 0, 0, 0, 0, 0, 0, 0, 0, 0, 0, 0, 0, 0, 0, 0, 0, 0, 0, 0, 0, 0, 0, 0, 0, 0, 0, 0, 0, 0, 0, 0, 0, 0, 0, 0, 0, 0, 0, 0, 0, 0, 0, 0, 0, 0, 0, 0, 0, 0, 0]
===============================================================================

===============================================================================
LINE 7 BROKE: LACK OF PART STOCK
===============================================================================

===============================================================================
day 11
===============================================================================

===============================================================================
parts buffer status on line 7:RED and buffer = [0, 0, 0, 0, 0, 0, 0, 0, 0, 0, 0, 0, 0, 0, 0, 0, 0, 0, 0, 0, 0, 0, 0, 0, 0, 0, 0, 0, 0, 0, 0, 0, 0, 0, 0, 0, 0, 0, 0, 0, 0, 0, 0, 0, 0, 0, 0, 0, 0, 0, 0, 0, 0, 0, 0, 0, 0, 0, 0, 0, 0, 0, 0, 0, 0, 0, 0, 0, 0, 0, 0, 0, 0, 0, 0, 0, 0, 0, 0, 0, 0, 0, 0, 0, 0, 0, 0, 0, 0, 0, 0, 0, 0, 0, 0, 0, 0, 0, 0, 0]
===============================================================================

===============================================================================
LINE 7 BROKE: LACK OF PART STOCK
===============================================================================

===============================================================================
day 12
===============================================================================

===============================================================================
parts buffer status on line 7:RED and buffer = [0, 0, 0, 0, 0, 0, 0, 0, 0, 0, 0, 0, 0, 0, 0, 0, 0, 0, 0, 0, 0, 0, 0, 0, 0, 0, 0, 0, 0, 0, 0, 0, 0, 0, 0, 0, 0, 0, 0, 0, 0, 0, 0, 0, 0, 0, 0, 0, 0, 0, 0, 0, 0, 0, 0, 0, 0, 0, 0, 0, 0, 0, 0, 0, 0, 0, 0, 0, 0, 0, 0, 0, 0, 0, 0, 0, 0, 0, 0, 0, 0, 0, 0, 0, 0, 0, 0, 0, 0, 0, 0, 0, 0, 0, 0, 0, 0, 0, 0, 0]
===============================================================================

===============================================================================
LINE 7 BROKE: LACK OF PART STOCK
===============================================================================

===============================================================================
day 13
===============================================================================

===============================================================================
parts buffer status on line 7:RED and buffer = [0, 0, 0, 0, 0, 0, 0, 0, 0, 0, 0, 0, 0, 0, 0, 0, 0, 0, 0, 0, 0, 0, 0, 0, 0, 0, 0, 0, 0, 0, 0, 0, 0, 0, 0, 0, 0, 0, 0, 0, 0, 0, 0, 0, 0, 0, 0, 0, 0, 0, 0, 0, 0, 0, 0, 0, 0, 0, 0, 0, 0, 0, 0, 0, 0, 0, 0, 0, 0, 0, 0, 0, 0, 0, 0, 0, 0, 0, 0, 0, 0, 0, 0, 0, 0, 0, 0, 0, 0, 0, 0, 0, 0, 0, 0, 0, 0, 0, 0, 0]
===============================================================================

===============================================================================
LINE 7 BROKE: LACK OF PART STOCK
===============================================================================

===============================================================================
day 14
===============================================================================

===============================================================================
parts buffer status on line 7:RED and buffer = [0, 0, 0, 0, 0, 0, 0, 0, 0, 0, 0, 0, 0, 0, 0, 0, 0, 0, 0, 0, 0, 0, 0, 0, 0, 0, 0, 0, 0, 0, 0, 0, 0, 0, 0, 0, 0, 0, 0, 0, 0, 0, 0, 0, 0, 0, 0, 0, 0, 0, 0, 0, 0, 0, 0, 0, 0, 0, 0, 0, 0, 0, 0, 0, 0, 0, 0, 0, 0, 0, 0, 0, 0, 0, 0, 0, 0, 0, 0, 0, 0, 0, 0, 0, 0, 0, 0, 0, 0, 0, 0, 0, 0, 0, 0, 0, 0, 0, 0, 0]
===============================================================================

===============================================================================
LINE 7 BROKE: LACK OF PART STOCK
===============================================================================

===============================================================================
day 15
===============================================================================

===============================================================================
parts buffer status on line 7:RED and buffer = [0, 0, 0, 0, 0, 0, 0, 0, 0, 0, 0, 0, 0, 0, 0, 0, 0, 0, 0, 0, 0, 0, 0, 0, 0, 0, 0, 0, 0, 0, 0, 0, 0, 0, 0, 0, 0, 0, 0, 0, 0, 0, 0, 0, 0, 0, 0, 0, 0, 0, 0, 0, 0, 0, 0, 0, 0, 0, 0, 0, 0, 0, 0, 0, 0, 0, 0, 0, 0, 0, 0, 0, 0, 0, 0, 0, 0, 0, 0, 0, 0, 0, 0, 0, 0, 0, 0, 0, 0, 0, 0, 0, 0, 0, 0, 0, 0, 0, 0, 0]
===============================================================================

===============================================================================
LINE 7 BROKE: LACK OF PART STOCK
===============================================================================

===============================================================================
day 16
===============================================================================

===============================================================================
parts buffer status on line 7:RED and buffer = [0, 0, 0, 0, 0, 0, 0, 0, 0, 0, 0, 0, 0, 0, 0, 0, 0, 0, 0, 0, 0, 0, 0, 0, 0, 0, 0, 0, 0, 0, 0, 0, 0, 0, 0, 0, 0, 0, 0, 0, 0, 0, 0, 0, 0, 0, 0, 0, 0, 0, 0, 0, 0, 0, 0, 0, 0, 0, 0, 0, 0, 0, 0, 0, 0, 0, 0, 0, 0, 0, 0, 0, 0, 0, 0, 0, 0, 0, 0, 0, 0, 0, 0, 0, 0, 0, 0, 0, 0, 0, 0, 0, 0, 0, 0, 0, 0, 0, 0, 0]
===============================================================================

===============================================================================
LINE 7 BROKE: LACK OF PART STOCK
===============================================================================

===============================================================================
day 17
===============================================================================

===============================================================================
parts buffer status on line 7:RED and buffer = [0, 0, 0, 0, 0, 0, 0, 0, 0, 0, 0, 0, 0, 0, 0, 0, 0, 0, 0, 0, 0, 0, 0, 0, 0, 0, 0, 0, 0, 0, 0, 0, 0, 0, 0, 0, 0, 0, 0, 0, 0, 0, 0, 0, 0, 0, 0, 0, 0, 0, 0, 0, 0, 0, 0, 0, 0, 0, 0, 0, 0, 0, 0, 0, 0, 0, 0, 0, 0, 0, 0, 0, 0, 0, 0, 0, 0, 0, 0, 0, 0, 0, 0, 0, 0, 0, 0, 0, 0, 0, 0, 0, 0, 0, 0, 0, 0, 0, 0, 0]
===============================================================================

===============================================================================
LINE 7 BROKE: LACK OF PART STOCK
===============================================================================

===============================================================================
day 18
===============================================================================

===============================================================================
parts buffer status on line 7:RED and buffer = [0, 0, 0, 0, 0, 0, 0, 0, 0, 0, 0, 0, 0, 0, 0, 0, 0, 0, 0, 0, 0, 0, 0, 0, 0, 0, 0, 0, 0, 0, 0, 0, 0, 0, 0, 0, 0, 0, 0, 0, 0, 0, 0, 0, 0, 0, 0, 0, 0, 0, 0, 0, 0, 0, 0, 0, 0, 0, 0, 0, 0, 0, 0, 0, 0, 0, 0, 0, 0, 0, 0, 0, 0, 0, 0, 0, 0, 0, 0, 0, 0, 0, 0, 0, 0, 0, 0, 0, 0, 0, 0, 0, 0, 0, 0, 0, 0, 0, 0, 0]
===============================================================================

===============================================================================
LINE 7 BROKE: LACK OF PART STOCK
===============================================================================

===============================================================================
day 19
===============================================================================

===============================================================================
parts buffer status on line 7:RED and buffer = [0, 0, 0, 0, 0, 0, 0, 0, 0, 0, 0, 0, 0, 0, 0, 0, 0, 0, 0, 0, 0, 0, 0, 0, 0, 0, 0, 0, 0, 0, 0, 0, 0, 0, 0, 0, 0, 0, 0, 0, 0, 0, 0, 0, 0, 0, 0, 0, 0, 0, 0, 0, 0, 0, 0, 0, 0, 0, 0, 0, 0, 0, 0, 0, 0, 0, 0, 0, 0, 0, 0, 0, 0, 0, 0, 0, 0, 0, 0, 0, 0, 0, 0, 0, 0, 0, 0, 0, 0, 0, 0, 0, 0, 0, 0, 0, 0, 0, 0, 0]
===============================================================================

===============================================================================
LINE 7 BROKE: LACK OF PART STOCK
===============================================================================

===============================================================================
day 20
===============================================================================

===============================================================================
parts buffer status on line 7:RED and buffer = [0, 0, 0, 0, 0, 0, 0, 0, 0, 0, 0, 0, 0, 0, 0, 0, 0, 0, 0, 0, 0, 0, 0, 0, 0, 0, 0, 0, 0, 0, 0, 0, 0, 0, 0, 0, 0, 0, 0, 0, 0, 0, 0, 0, 0, 0, 0, 0, 0, 0, 0, 0, 0, 0, 0, 0, 0, 0, 0, 0, 0, 0, 0, 0, 0, 0, 0, 0, 0, 0, 0, 0, 0, 0, 0, 0, 0, 0, 0, 0, 0, 0, 0, 0, 0, 0, 0, 0, 0, 0, 0, 0, 0, 0, 0, 0, 0, 0, 0, 0]
===============================================================================

===============================================================================
LINE 7 BROKE: LACK OF PART STOCK
===============================================================================

===============================================================================
day 21
===============================================================================

===============================================================================
parts buffer status on line 7:RED and buffer = [0, 0, 0, 0, 0, 0, 0, 0, 0, 0, 0, 0, 0, 0, 0, 0, 0, 0, 0, 0, 0, 0, 0, 0, 0, 0, 0, 0, 0, 0, 0, 0, 0, 0, 0, 0, 0, 0, 0, 0, 0, 0, 0, 0, 0, 0, 0, 0, 0, 0, 0, 0, 0, 0, 0, 0, 0, 0, 0, 0, 0, 0, 0, 0, 0, 0, 0, 0, 0, 0, 0, 0, 0, 0, 0, 0, 0, 0, 0, 0, 0, 0, 0, 0, 0, 0, 0, 0, 0, 0, 0, 0, 0, 0, 0, 0, 0, 0, 0, 0]
===============================================================================

===============================================================================
LINE 7 BROKE: LACK OF PART STOCK
===============================================================================

===============================================================================
day 1
===============================================================================

===============================================================================
parts buffer status on line 7:RED and buffer = [0, 0, 0, 0, 0, 0, 0, 0, 0, 0, 0, 0, 0, 0, 0, 0, 0, 0, 0, 0, 0, 0, 0, 0, 0, 0, 0, 0, 0, 0, 0, 0, 0, 0, 0, 0, 0, 0, 0, 0, 0, 0, 0, 0, 0, 0, 0, 0, 0, 0, 0, 0, 0, 0, 0, 0, 0, 0, 0, 0, 0, 0, 0, 0, 0, 0, 0, 0, 0, 0, 0, 0, 0, 0, 0, 0, 0, 0, 0, 0, 0, 0, 0, 0, 0, 0, 0, 0, 0, 0, 0, 0, 0, 0, 0, 0, 0, 0, 0, 0]
===============================================================================

===============================================================================
received parts! updated parts buffer [1440, 1440, 1440, 1440, 1440, 1440, 1440, 1440, 1440, 1440, 1440, 1440, 1440, 1440, 1440, 1440, 1440, 1440, 1440, 1440, 1440, 1440, 1440, 1440, 1440, 1440, 1440, 1440, 1440, 1440, 1440, 1440, 1440, 1440, 1440, 1440, 1440, 1440, 1440, 1440, 1440, 1440, 1440, 1440, 1440, 1440, 1440, 1440, 1440, 1440, 1440, 1440, 1440, 1440, 1440, 1440, 1440, 1440, 1440, 1440, 1440, 1440, 1440, 1440, 1440, 1440, 1440, 1440, 1440, 1440, 1440, 1440, 1440, 1440, 1440, 1440, 1440, 1440, 1440, 1440, 1440, 1440, 1440, 1440, 1440, 1440, 1440, 1440, 1440, 1440, 1440, 1440, 1440, 1440, 1440, 1440, 1440, 1440, 1440, 1440]
===============================================================================

===============================================================================
day 2
===============================================================================

===============================================================================
parts buffer status on line 7:GREEN and buffer = [1440, 1440, 1440, 1440, 1440, 1440, 1440, 1440, 1440, 1440, 1440, 1440, 1440, 1440, 1440, 1440, 1440, 1440, 1440, 1440, 1440, 1440, 1440, 1440, 1440, 1440, 1440, 1440, 1440, 1440, 1440, 1440, 1440, 1440, 1440, 1440, 1440, 1440, 1440, 1440, 1440, 1440, 1440, 1440, 1440, 1440, 1440, 1440, 1440, 1440, 1440, 1440, 1440, 1440, 1440, 1440, 1440, 1440, 1440, 1440, 1440, 1440, 1440, 1440, 1440, 1440, 1440, 1440, 1440, 1440, 1440, 1440, 1440, 1440, 1440, 1440, 1440, 1440, 1440, 1440, 1440, 1440, 1440, 1440, 1440, 1440, 1440, 1440, 1440, 1440, 1440, 1440, 1440, 1440, 1440, 1440, 1440, 1440, 1440, 1440]
===============================================================================

===============================================================================
order of product 3 sent
===============================================================================

===============================================================================
updated parts buffer [1344, 1344, 1344, 1344, 1344, 1344, 1344, 1344, 1344, 1344, 1344, 1344, 1344, 1344, 1344, 1344, 1344, 1344, 1344, 1344, 1344, 1344, 1344, 1344, 1344, 1344, 1344, 1344, 1344, 1344, 1344, 1344, 1344, 1344, 1344, 1344, 1344, 1344, 1344, 1344, 1344, 1344, 1344, 1440, 1440, 1344, 1440, 1344, 1440, 1440, 1440, 1440, 1440, 1440, 1344, 1344, 1440, 1440, 1344, 1440, 1344, 1344, 1440, 1440, 1344, 1344, 1440, 1440, 1344, 1344, 1440, 1440, 1344, 1440, 1344, 1344, 1344, 1440, 1440, 1344, 1344, 1440, 1344, 1344, 1440, 1440, 1344, 1344, 1344, 1440, 1344, 1440, 1440, 1440, 1440, 1440, 1440, 1440, 1344, 1344]
===============================================================================

===============================================================================
day 3
===============================================================================

===============================================================================
parts buffer status on line 7:GREEN and buffer = [1344, 1344, 1344, 1344, 1344, 1344, 1344, 1344, 1344, 1344, 1344, 1344, 1344, 1344, 1344, 1344, 1344, 1344, 1344, 1344, 1344, 1344, 1344, 1344, 1344, 1344, 1344, 1344, 1344, 1344, 1344, 1344, 1344, 1344, 1344, 1344, 1344, 1344, 1344, 1344, 1344, 1344, 1344, 1440, 1440, 1344, 1440, 1344, 1440, 1440, 1440, 1440, 1440, 1440, 1344, 1344, 1440, 1440, 1344, 1440, 1344, 1344, 1440, 1440, 1344, 1344, 1440, 1440, 1344, 1344, 1440, 1440, 1344, 1440, 1344, 1344, 1344, 1440, 1440, 1344, 1344, 1440, 1344, 1344, 1440, 1440, 1344, 1344, 1344, 1440, 1344, 1440, 1440, 1440, 1440, 1440, 1440, 1440, 1344, 1344]
===============================================================================

===============================================================================
order of product 1 sent
===============================================================================

===============================================================================
updated parts buffer [1248, 1248, 1248, 1248, 1248, 1248, 1248, 1248, 1248, 1248, 1248, 1248, 1248, 1248, 1248, 1248, 1248, 1248, 1248, 1248, 1248, 1248, 1248, 1248, 1248, 1248, 1248, 1248, 1248, 1248, 1248, 1248, 1248, 1248, 1248, 1248, 1248, 1248, 1248, 1248, 1248, 1248, 1248, 1344, 1440, 1248, 1440, 1344, 1440, 1440, 1440, 1440, 1440, 1440, 1248, 1248, 1344, 1440, 1344, 1440, 1248, 1344, 1440, 1440, 1344, 1344, 1440, 1440, 1344, 1344, 1344, 1344, 1344, 1440, 1344, 1344, 1248, 1344, 1344, 1344, 1344, 1440, 1344, 1344, 1440, 1344, 1344, 1344, 1248, 1440, 1248, 1344, 1344, 1344, 1344, 1440, 1344, 1440, 1248, 1344]
===============================================================================

===============================================================================
day 4
===============================================================================

===============================================================================
parts buffer status on line 7:GREEN and buffer = [1248, 1248, 1248, 1248, 1248, 1248, 1248, 1248, 1248, 1248, 1248, 1248, 1248, 1248, 1248, 1248, 1248, 1248, 1248, 1248, 1248, 1248, 1248, 1248, 1248, 1248, 1248, 1248, 1248, 1248, 1248, 1248, 1248, 1248, 1248, 1248, 1248, 1248, 1248, 1248, 1248, 1248, 1248, 1344, 1440, 1248, 1440, 1344, 1440, 1440, 1440, 1440, 1440, 1440, 1248, 1248, 1344, 1440, 1344, 1440, 1248, 1344, 1440, 1440, 1344, 1344, 1440, 1440, 1344, 1344, 1344, 1344, 1344, 1440, 1344, 1344, 1248, 1344, 1344, 1344, 1344, 1440, 1344, 1344, 1440, 1344, 1344, 1344, 1248, 1440, 1248, 1344, 1344, 1344, 1344, 1440, 1344, 1440, 1248, 1344]
===============================================================================

===============================================================================
order of product 5 sent
===============================================================================

===============================================================================
updated parts buffer [1152, 1152, 1152, 1152, 1152, 1152, 1152, 1152, 1152, 1152, 1152, 1152, 1152, 1152, 1152, 1152, 1152, 1152, 1152, 1152, 1152, 1152, 1152, 1152, 1152, 1152, 1152, 1152, 1152, 1152, 1152, 1152, 1152, 1152, 1152, 1152, 1152, 1152, 1152, 1152, 1152, 1152, 1152, 1248, 1440, 1152, 1440, 1344, 1344, 1440, 1344, 1344, 1440, 1344, 1248, 1152, 1344, 1344, 1344, 1344, 1248, 1344, 1344, 1440, 1344, 1248, 1440, 1344, 1344, 1248, 1344, 1248, 1344, 1344, 1248, 1248, 1152, 1248, 1344, 1344, 1344, 1440, 1248, 1248, 1440, 1248, 1248, 1248, 1152, 1440, 1152, 1248, 1248, 1248, 1248, 1344, 1344, 1344, 1248, 1248]
===============================================================================

===============================================================================
day 5
===============================================================================

===============================================================================
parts buffer status on line 7:GREEN and buffer = [1152, 1152, 1152, 1152, 1152, 1152, 1152, 1152, 1152, 1152, 1152, 1152, 1152, 1152, 1152, 1152, 1152, 1152, 1152, 1152, 1152, 1152, 1152, 1152, 1152, 1152, 1152, 1152, 1152, 1152, 1152, 1152, 1152, 1152, 1152, 1152, 1152, 1152, 1152, 1152, 1152, 1152, 1152, 1248, 1440, 1152, 1440, 1344, 1344, 1440, 1344, 1344, 1440, 1344, 1248, 1152, 1344, 1344, 1344, 1344, 1248, 1344, 1344, 1440, 1344, 1248, 1440, 1344, 1344, 1248, 1344, 1248, 1344, 1344, 1248, 1248, 1152, 1248, 1344, 1344, 1344, 1440, 1248, 1248, 1440, 1248, 1248, 1248, 1152, 1440, 1152, 1248, 1248, 1248, 1248, 1344, 1344, 1344, 1248, 1248]
===============================================================================

===============================================================================
order of product 1 sent
===============================================================================

===============================================================================
updated parts buffer [1056, 1056, 1056, 1056, 1056, 1056, 1056, 1056, 1056, 1056, 1056, 1056, 1056, 1056, 1056, 1056, 1056, 1056, 1056, 1056, 1056, 1056, 1056, 1056, 1056, 1056, 1056, 1056, 1056, 1056, 1056, 1056, 1056, 1056, 1056, 1056, 1056, 1056, 1056, 1056, 1056, 1056, 1056, 1152, 1440, 1056, 1440, 1344, 1344, 1440, 1344, 1344, 1440, 1344, 1152, 1056, 1248, 1344, 1344, 1344, 1152, 1344, 1344, 1440, 1344, 1248, 1440, 1344, 1344, 1248, 1248, 1152, 1344, 1344, 1248, 1248, 1056, 1152, 1248, 1344, 1344, 1440, 1248, 1248, 1440, 1152, 1248, 1248, 1056, 1440, 1056, 1152, 1152, 1152, 1152, 1344, 1248, 1344, 1152, 1248]
===============================================================================

===============================================================================
day 6
===============================================================================

===============================================================================
parts buffer status on line 7:GREEN and buffer = [1056, 1056, 1056, 1056, 1056, 1056, 1056, 1056, 1056, 1056, 1056, 1056, 1056, 1056, 1056, 1056, 1056, 1056, 1056, 1056, 1056, 1056, 1056, 1056, 1056, 1056, 1056, 1056, 1056, 1056, 1056, 1056, 1056, 1056, 1056, 1056, 1056, 1056, 1056, 1056, 1056, 1056, 1056, 1152, 1440, 1056, 1440, 1344, 1344, 1440, 1344, 1344, 1440, 1344, 1152, 1056, 1248, 1344, 1344, 1344, 1152, 1344, 1344, 1440, 1344, 1248, 1440, 1344, 1344, 1248, 1248, 1152, 1344, 1344, 1248, 1248, 1056, 1152, 1248, 1344, 1344, 1440, 1248, 1248, 1440, 1152, 1248, 1248, 1056, 1440, 1056, 1152, 1152, 1152, 1152, 1344, 1248, 1344, 1152, 1248]
===============================================================================

===============================================================================
order of product 4 sent
===============================================================================

===============================================================================
updated parts buffer [960, 960, 960, 960, 960, 960, 960, 960, 960, 960, 960, 960, 960, 960, 960, 960, 960, 960, 960, 960, 960, 960, 960, 960, 960, 960, 960, 960, 960, 960, 960, 960, 960, 960, 960, 960, 960, 960, 960, 960, 960, 960, 960, 1056, 1344, 960, 1344, 1248, 1248, 1344, 1344, 1344, 1344, 1344, 1152, 960, 1248, 1248, 1248, 1344, 1152, 1344, 1248, 1440, 1344, 1248, 1440, 1248, 1344, 1248, 1248, 1056, 1344, 1344, 1152, 1152, 1056, 1152, 1152, 1248, 1248, 1440, 1248, 1248, 1440, 1152, 1248, 1152, 960, 1440, 960, 1056, 1152, 1056, 1056, 1248, 1152, 1248, 1056, 1152]
===============================================================================

===============================================================================
day 7
===============================================================================

===============================================================================
parts buffer status on line 7:GREEN and buffer = [960, 960, 960, 960, 960, 960, 960, 960, 960, 960, 960, 960, 960, 960, 960, 960, 960, 960, 960, 960, 960, 960, 960, 960, 960, 960, 960, 960, 960, 960, 960, 960, 960, 960, 960, 960, 960, 960, 960, 960, 960, 960, 960, 1056, 1344, 960, 1344, 1248, 1248, 1344, 1344, 1344, 1344, 1344, 1152, 960, 1248, 1248, 1248, 1344, 1152, 1344, 1248, 1440, 1344, 1248, 1440, 1248, 1344, 1248, 1248, 1056, 1344, 1344, 1152, 1152, 1056, 1152, 1152, 1248, 1248, 1440, 1248, 1248, 1440, 1152, 1248, 1152, 960, 1440, 960, 1056, 1152, 1056, 1056, 1248, 1152, 1248, 1056, 1152]
===============================================================================

===============================================================================
day 8
===============================================================================

===============================================================================
parts buffer status on line 7:GREEN and buffer = [960, 960, 960, 960, 960, 960, 960, 960, 960, 960, 960, 960, 960, 960, 960, 960, 960, 960, 960, 960, 960, 960, 960, 960, 960, 960, 960, 960, 960, 960, 960, 960, 960, 960, 960, 960, 960, 960, 960, 960, 960, 960, 960, 1056, 1344, 960, 1344, 1248, 1248, 1344, 1344, 1344, 1344, 1344, 1152, 960, 1248, 1248, 1248, 1344, 1152, 1344, 1248, 1440, 1344, 1248, 1440, 1248, 1344, 1248, 1248, 1056, 1344, 1344, 1152, 1152, 1056, 1152, 1152, 1248, 1248, 1440, 1248, 1248, 1440, 1152, 1248, 1152, 960, 1440, 960, 1056, 1152, 1056, 1056, 1248, 1152, 1248, 1056, 1152]
===============================================================================

===============================================================================
order of product 4 sent
===============================================================================

===============================================================================
updated parts buffer [864, 864, 864, 864, 864, 864, 864, 864, 864, 864, 864, 864, 864, 864, 864, 864, 864, 864, 864, 864, 864, 864, 864, 864, 864, 864, 864, 864, 864, 864, 864, 864, 864, 864, 864, 864, 864, 864, 864, 864, 864, 864, 864, 960, 1248, 864, 1248, 1152, 1152, 1248, 1344, 1344, 1248, 1344, 1152, 864, 1248, 1152, 1152, 1344, 1152, 1344, 1152, 1440, 1344, 1248, 1440, 1152, 1344, 1248, 1248, 960, 1344, 1344, 1056, 1056, 1056, 1152, 1056, 1152, 1152, 1440, 1248, 1248, 1440, 1152, 1248, 1056, 864, 1440, 864, 960, 1152, 960, 960, 1152, 1056, 1152, 960, 1056]
===============================================================================

===============================================================================
day 9
===============================================================================

===============================================================================
parts buffer status on line 7:GREEN and buffer = [864, 864, 864, 864, 864, 864, 864, 864, 864, 864, 864, 864, 864, 864, 864, 864, 864, 864, 864, 864, 864, 864, 864, 864, 864, 864, 864, 864, 864, 864, 864, 864, 864, 864, 864, 864, 864, 864, 864, 864, 864, 864, 864, 960, 1248, 864, 1248, 1152, 1152, 1248, 1344, 1344, 1248, 1344, 1152, 864, 1248, 1152, 1152, 1344, 1152, 1344, 1152, 1440, 1344, 1248, 1440, 1152, 1344, 1248, 1248, 960, 1344, 1344, 1056, 1056, 1056, 1152, 1056, 1152, 1152, 1440, 1248, 1248, 1440, 1152, 1248, 1056, 864, 1440, 864, 960, 1152, 960, 960, 1152, 1056, 1152, 960, 1056]
===============================================================================

===============================================================================
order of product 5 sent
===============================================================================

===============================================================================
updated parts buffer [768, 768, 768, 768, 768, 768, 768, 768, 768, 768, 768, 768, 768, 768, 768, 768, 768, 768, 768, 768, 768, 768, 768, 768, 768, 768, 768, 768, 768, 768, 768, 768, 768, 768, 768, 768, 768, 768, 768, 768, 768, 768, 768, 864, 1248, 768, 1248, 1152, 1056, 1248, 1248, 1248, 1248, 1248, 1152, 768, 1248, 1056, 1152, 1248, 1152, 1344, 1056, 1440, 1344, 1152, 1440, 1056, 1344, 1152, 1248, 864, 1344, 1248, 960, 960, 960, 1056, 1056, 1152, 1152, 1440, 1152, 1152, 1440, 1056, 1152, 960, 768, 1440, 768, 864, 1056, 864, 864, 1056, 1056, 1056, 960, 960]
===============================================================================

===============================================================================
day 10
===============================================================================

===============================================================================
parts buffer status on line 7:GREEN and buffer = [768, 768, 768, 768, 768, 768, 768, 768, 768, 768, 768, 768, 768, 768, 768, 768, 768, 768, 768, 768, 768, 768, 768, 768, 768, 768, 768, 768, 768, 768, 768, 768, 768, 768, 768, 768, 768, 768, 768, 768, 768, 768, 768, 864, 1248, 768, 1248, 1152, 1056, 1248, 1248, 1248, 1248, 1248, 1152, 768, 1248, 1056, 1152, 1248, 1152, 1344, 1056, 1440, 1344, 1152, 1440, 1056, 1344, 1152, 1248, 864, 1344, 1248, 960, 960, 960, 1056, 1056, 1152, 1152, 1440, 1152, 1152, 1440, 1056, 1152, 960, 768, 1440, 768, 864, 1056, 864, 864, 1056, 1056, 1056, 960, 960]
===============================================================================

===============================================================================
order of product 4 sent
===============================================================================

===============================================================================
updated parts buffer [672, 672, 672, 672, 672, 672, 672, 672, 672, 672, 672, 672, 672, 672, 672, 672, 672, 672, 672, 672, 672, 672, 672, 672, 672, 672, 672, 672, 672, 672, 672, 672, 672, 672, 672, 672, 672, 672, 672, 672, 672, 672, 672, 768, 1152, 672, 1152, 1056, 960, 1152, 1248, 1248, 1152, 1248, 1152, 672, 1248, 960, 1056, 1248, 1152, 1344, 960, 1440, 1344, 1152, 1440, 960, 1344, 1152, 1248, 768, 1344, 1248, 864, 864, 960, 1056, 960, 1056, 1056, 1440, 1152, 1152, 1440, 1056, 1152, 864, 672, 1440, 672, 768, 1056, 768, 768, 960, 960, 960, 864, 864]
===============================================================================

===============================================================================
day 11
===============================================================================

===============================================================================
parts buffer status on line 7:GREEN and buffer = [672, 672, 672, 672, 672, 672, 672, 672, 672, 672, 672, 672, 672, 672, 672, 672, 672, 672, 672, 672, 672, 672, 672, 672, 672, 672, 672, 672, 672, 672, 672, 672, 672, 672, 672, 672, 672, 672, 672, 672, 672, 672, 672, 768, 1152, 672, 1152, 1056, 960, 1152, 1248, 1248, 1152, 1248, 1152, 672, 1248, 960, 1056, 1248, 1152, 1344, 960, 1440, 1344, 1152, 1440, 960, 1344, 1152, 1248, 768, 1344, 1248, 864, 864, 960, 1056, 960, 1056, 1056, 1440, 1152, 1152, 1440, 1056, 1152, 864, 672, 1440, 672, 768, 1056, 768, 768, 960, 960, 960, 864, 864]
===============================================================================

===============================================================================
order of product 5 sent
===============================================================================

===============================================================================
updated parts buffer [576, 576, 576, 576, 576, 576, 576, 576, 576, 576, 576, 576, 576, 576, 576, 576, 576, 576, 576, 576, 576, 576, 576, 576, 576, 576, 576, 576, 576, 576, 576, 576, 576, 576, 576, 576, 576, 576, 576, 576, 576, 576, 576, 672, 1152, 576, 1152, 1056, 864, 1152, 1152, 1152, 1152, 1152, 1152, 576, 1248, 864, 1056, 1152, 1152, 1344, 864, 1440, 1344, 1056, 1440, 864, 1344, 1056, 1248, 672, 1344, 1152, 768, 768, 864, 960, 960, 1056, 1056, 1440, 1056, 1056, 1440, 960, 1056, 768, 576, 1440, 576, 672, 960, 672, 672, 864, 960, 864, 864, 768]
===============================================================================

===============================================================================
day 12
===============================================================================

===============================================================================
parts buffer status on line 7:GREEN and buffer = [576, 576, 576, 576, 576, 576, 576, 576, 576, 576, 576, 576, 576, 576, 576, 576, 576, 576, 576, 576, 576, 576, 576, 576, 576, 576, 576, 576, 576, 576, 576, 576, 576, 576, 576, 576, 576, 576, 576, 576, 576, 576, 576, 672, 1152, 576, 1152, 1056, 864, 1152, 1152, 1152, 1152, 1152, 1152, 576, 1248, 864, 1056, 1152, 1152, 1344, 864, 1440, 1344, 1056, 1440, 864, 1344, 1056, 1248, 672, 1344, 1152, 768, 768, 864, 960, 960, 1056, 1056, 1440, 1056, 1056, 1440, 960, 1056, 768, 576, 1440, 576, 672, 960, 672, 672, 864, 960, 864, 864, 768]
===============================================================================

===============================================================================
order of product 5 sent
===============================================================================

===============================================================================
updated parts buffer [480, 480, 480, 480, 480, 480, 480, 480, 480, 480, 480, 480, 480, 480, 480, 480, 480, 480, 480, 480, 480, 480, 480, 480, 480, 480, 480, 480, 480, 480, 480, 480, 480, 480, 480, 480, 480, 480, 480, 480, 480, 480, 480, 576, 1152, 480, 1152, 1056, 768, 1152, 1056, 1056, 1152, 1056, 1152, 480, 1248, 768, 1056, 1056, 1152, 1344, 768, 1440, 1344, 960, 1440, 768, 1344, 960, 1248, 576, 1344, 1056, 672, 672, 768, 864, 960, 1056, 1056, 1440, 960, 960, 1440, 864, 960, 672, 480, 1440, 480, 576, 864, 576, 576, 768, 960, 768, 864, 672]
===============================================================================

===============================================================================
day 13
===============================================================================

===============================================================================
parts buffer status on line 7:GREEN and buffer = [480, 480, 480, 480, 480, 480, 480, 480, 480, 480, 480, 480, 480, 480, 480, 480, 480, 480, 480, 480, 480, 480, 480, 480, 480, 480, 480, 480, 480, 480, 480, 480, 480, 480, 480, 480, 480, 480, 480, 480, 480, 480, 480, 576, 1152, 480, 1152, 1056, 768, 1152, 1056, 1056, 1152, 1056, 1152, 480, 1248, 768, 1056, 1056, 1152, 1344, 768, 1440, 1344, 960, 1440, 768, 1344, 960, 1248, 576, 1344, 1056, 672, 672, 768, 864, 960, 1056, 1056, 1440, 960, 960, 1440, 864, 960, 672, 480, 1440, 480, 576, 864, 576, 576, 768, 960, 768, 864, 672]
===============================================================================

===============================================================================
order of product 2 sent
===============================================================================

===============================================================================
updated parts buffer [384, 384, 384, 384, 384, 384, 384, 384, 384, 384, 384, 384, 384, 384, 384, 384, 384, 384, 384, 384, 384, 384, 384, 384, 384, 384, 384, 384, 384, 384, 384, 384, 384, 384, 384, 384, 384, 384, 384, 384, 384, 384, 384, 480, 1152, 480, 1152, 1056, 768, 1056, 960, 1056, 1152, 1056, 1056, 384, 1248, 768, 1056, 1056, 1056, 1248, 672, 1440, 1344, 960, 1440, 672, 1344, 960, 1152, 480, 1344, 1056, 576, 672, 768, 768, 960, 1056, 1056, 1440, 864, 864, 1344, 864, 960, 672, 384, 1440, 384, 576, 768, 576, 480, 768, 960, 672, 864, 576]
===============================================================================

===============================================================================
day 14
===============================================================================

===============================================================================
parts buffer status on line 7:GREEN and buffer = [384, 384, 384, 384, 384, 384, 384, 384, 384, 384, 384, 384, 384, 384, 384, 384, 384, 384, 384, 384, 384, 384, 384, 384, 384, 384, 384, 384, 384, 384, 384, 384, 384, 384, 384, 384, 384, 384, 384, 384, 384, 384, 384, 480, 1152, 480, 1152, 1056, 768, 1056, 960, 1056, 1152, 1056, 1056, 384, 1248, 768, 1056, 1056, 1056, 1248, 672, 1440, 1344, 960, 1440, 672, 1344, 960, 1152, 480, 1344, 1056, 576, 672, 768, 768, 960, 1056, 1056, 1440, 864, 864, 1344, 864, 960, 672, 384, 1440, 384, 576, 768, 576, 480, 768, 960, 672, 864, 576]
===============================================================================

===============================================================================
order of product 3 sent
===============================================================================

===============================================================================
updated parts buffer [288, 288, 288, 288, 288, 288, 288, 288, 288, 288, 288, 288, 288, 288, 288, 288, 288, 288, 288, 288, 288, 288, 288, 288, 288, 288, 288, 288, 288, 288, 288, 288, 288, 288, 288, 288, 288, 288, 288, 288, 288, 288, 288, 480, 1152, 384, 1152, 960, 768, 1056, 960, 1056, 1152, 1056, 960, 288, 1248, 768, 960, 1056, 960, 1152, 672, 1440, 1248, 864, 1440, 672, 1248, 864, 1152, 480, 1248, 1056, 480, 576, 672, 768, 960, 960, 960, 1440, 768, 768, 1344, 864, 864, 576, 288, 1440, 288, 576, 768, 576, 480, 768, 960, 672, 768, 480]
===============================================================================

===============================================================================
day 15
===============================================================================

===============================================================================
parts buffer status on line 7:GREEN and buffer = [288, 288, 288, 288, 288, 288, 288, 288, 288, 288, 288, 288, 288, 288, 288, 288, 288, 288, 288, 288, 288, 288, 288, 288, 288, 288, 288, 288, 288, 288, 288, 288, 288, 288, 288, 288, 288, 288, 288, 288, 288, 288, 288, 480, 1152, 384, 1152, 960, 768, 1056, 960, 1056, 1152, 1056, 960, 288, 1248, 768, 960, 1056, 960, 1152, 672, 1440, 1248, 864, 1440, 672, 1248, 864, 1152, 480, 1248, 1056, 480, 576, 672, 768, 960, 960, 960, 1440, 768, 768, 1344, 864, 864, 576, 288, 1440, 288, 576, 768, 576, 480, 768, 960, 672, 768, 480]
===============================================================================

===============================================================================
order of product 4 sent
===============================================================================

===============================================================================
updated parts buffer [192, 192, 192, 192, 192, 192, 192, 192, 192, 192, 192, 192, 192, 192, 192, 192, 192, 192, 192, 192, 192, 192, 192, 192, 192, 192, 192, 192, 192, 192, 192, 192, 192, 192, 192, 192, 192, 192, 192, 192, 192, 192, 192, 384, 1056, 288, 1056, 864, 672, 960, 960, 1056, 1056, 1056, 960, 192, 1248, 672, 864, 1056, 960, 1152, 576, 1440, 1248, 864, 1440, 576, 1248, 864, 1152, 384, 1248, 1056, 384, 480, 672, 768, 864, 864, 864, 1440, 768, 768, 1344, 864, 864, 480, 192, 1440, 192, 480, 768, 480, 384, 672, 864, 576, 672, 384]
===============================================================================

===============================================================================
day 16
===============================================================================

===============================================================================
parts buffer status on line 7:YELLOW and buffer = [192, 192, 192, 192, 192, 192, 192, 192, 192, 192, 192, 192, 192, 192, 192, 192, 192, 192, 192, 192, 192, 192, 192, 192, 192, 192, 192, 192, 192, 192, 192, 192, 192, 192, 192, 192, 192, 192, 192, 192, 192, 192, 192, 384, 1056, 288, 1056, 864, 672, 960, 960, 1056, 1056, 1056, 960, 192, 1248, 672, 864, 1056, 960, 1152, 576, 1440, 1248, 864, 1440, 576, 1248, 864, 1152, 384, 1248, 1056, 384, 480, 672, 768, 864, 864, 864, 1440, 768, 768, 1344, 864, 864, 480, 192, 1440, 192, 480, 768, 480, 384, 672, 864, 576, 672, 384]
===============================================================================

===============================================================================
order of product 5 sent
===============================================================================

===============================================================================
updated parts buffer [96, 96, 96, 96, 96, 96, 96, 96, 96, 96, 96, 96, 96, 96, 96, 96, 96, 96, 96, 96, 96, 96, 96, 96, 96, 96, 96, 96, 96, 96, 96, 96, 96, 96, 96, 96, 96, 96, 96, 96, 96, 96, 96, 288, 1056, 192, 1056, 864, 576, 960, 864, 960, 1056, 960, 960, 96, 1248, 576, 864, 960, 960, 1152, 480, 1440, 1248, 768, 1440, 480, 1248, 768, 1152, 288, 1248, 960, 288, 384, 576, 672, 864, 864, 864, 1440, 672, 672, 1344, 768, 768, 384, 96, 1440, 96, 384, 672, 384, 288, 576, 864, 480, 672, 288]
===============================================================================

===============================================================================
day 17
===============================================================================

===============================================================================
parts buffer status on line 7:RED and buffer = [96, 96, 96, 96, 96, 96, 96, 96, 96, 96, 96, 96, 96, 96, 96, 96, 96, 96, 96, 96, 96, 96, 96, 96, 96, 96, 96, 96, 96, 96, 96, 96, 96, 96, 96, 96, 96, 96, 96, 96, 96, 96, 96, 288, 1056, 192, 1056, 864, 576, 960, 864, 960, 1056, 960, 960, 96, 1248, 576, 864, 960, 960, 1152, 480, 1440, 1248, 768, 1440, 480, 1248, 768, 1152, 288, 1248, 960, 288, 384, 576, 672, 864, 864, 864, 1440, 672, 672, 1344, 768, 768, 384, 96, 1440, 96, 384, 672, 384, 288, 576, 864, 480, 672, 288]
===============================================================================

===============================================================================
received parts! updated parts buffer [1536, 1536, 1536, 1536, 1536, 1536, 1536, 1536, 1536, 1536, 1536, 1536, 1536, 1536, 1536, 1536, 1536, 1536, 1536, 1536, 1536, 1536, 1536, 1536, 1536, 1536, 1536, 1536, 1536, 1536, 1536, 1536, 1536, 1536, 1536, 1536, 1536, 1536, 1536, 1536, 1536, 1536, 1536, 288, 1056, 192, 1056, 864, 576, 960, 864, 960, 1056, 960, 960, 1536, 1248, 576, 864, 960, 960, 1152, 480, 1440, 1248, 768, 1440, 480, 1248, 768, 1152, 288, 1248, 960, 288, 384, 576, 672, 864, 864, 864, 1440, 672, 672, 1344, 768, 768, 384, 1536, 1440, 1536, 384, 672, 384, 288, 576, 864, 480, 672, 288]
===============================================================================

===============================================================================
order of product 4 sent
===============================================================================

===============================================================================
updated parts buffer [1488, 1488, 1488, 1488, 1488, 1488, 1488, 1488, 1488, 1488, 1488, 1488, 1488, 1488, 1488, 1488, 1488, 1488, 1488, 1488, 1488, 1488, 1488, 1488, 1488, 1488, 1488, 1488, 1488, 1488, 1488, 1488, 1488, 1488, 1488, 1488, 1488, 1488, 1488, 1488, 1488, 1488, 1488, 240, 1008, 144, 1008, 816, 528, 912, 864, 960, 1008, 960, 960, 1488, 1248, 528, 816, 960, 960, 1152, 432, 1440, 1248, 768, 1440, 432, 1248, 768, 1152, 240, 1248, 960, 240, 336, 576, 672, 816, 816, 816, 1440, 672, 672, 1344, 768, 768, 336, 1488, 1440, 1488, 336, 672, 336, 240, 528, 816, 432, 624, 240]
===============================================================================

===============================================================================
day 18
===============================================================================

===============================================================================
parts buffer status on line 7:YELLOW and buffer = [1488, 1488, 1488, 1488, 1488, 1488, 1488, 1488, 1488, 1488, 1488, 1488, 1488, 1488, 1488, 1488, 1488, 1488, 1488, 1488, 1488, 1488, 1488, 1488, 1488, 1488, 1488, 1488, 1488, 1488, 1488, 1488, 1488, 1488, 1488, 1488, 1488, 1488, 1488, 1488, 1488, 1488, 1488, 240, 1008, 144, 1008, 816, 528, 912, 864, 960, 1008, 960, 960, 1488, 1248, 528, 816, 960, 960, 1152, 432, 1440, 1248, 768, 1440, 432, 1248, 768, 1152, 240, 1248, 960, 240, 336, 576, 672, 816, 816, 816, 1440, 672, 672, 1344, 768, 768, 336, 1488, 1440, 1488, 336, 672, 336, 240, 528, 816, 432, 624, 240]
===============================================================================

===============================================================================
order of product 4 sent
===============================================================================

===============================================================================
updated parts buffer [1392, 1392, 1392, 1392, 1392, 1392, 1392, 1392, 1392, 1392, 1392, 1392, 1392, 1392, 1392, 1392, 1392, 1392, 1392, 1392, 1392, 1392, 1392, 1392, 1392, 1392, 1392, 1392, 1392, 1392, 1392, 1392, 1392, 1392, 1392, 1392, 1392, 1392, 1392, 1392, 1392, 1392, 1392, 144, 912, 48, 912, 720, 432, 816, 864, 960, 912, 960, 960, 1392, 1248, 432, 720, 960, 960, 1152, 336, 1440, 1248, 768, 1440, 336, 1248, 768, 1152, 144, 1248, 960, 144, 240, 576, 672, 720, 720, 720, 1440, 672, 672, 1344, 768, 768, 240, 1392, 1440, 1392, 240, 672, 240, 144, 432, 720, 336, 528, 144]
===============================================================================

===============================================================================
day 19
===============================================================================

===============================================================================
parts buffer status on line 7:YELLOW and buffer = [1392, 1392, 1392, 1392, 1392, 1392, 1392, 1392, 1392, 1392, 1392, 1392, 1392, 1392, 1392, 1392, 1392, 1392, 1392, 1392, 1392, 1392, 1392, 1392, 1392, 1392, 1392, 1392, 1392, 1392, 1392, 1392, 1392, 1392, 1392, 1392, 1392, 1392, 1392, 1392, 1392, 1392, 1392, 144, 912, 48, 912, 720, 432, 816, 864, 960, 912, 960, 960, 1392, 1248, 432, 720, 960, 960, 1152, 336, 1440, 1248, 768, 1440, 336, 1248, 768, 1152, 144, 1248, 960, 144, 240, 576, 672, 720, 720, 720, 1440, 672, 672, 1344, 768, 768, 240, 1392, 1440, 1392, 240, 672, 240, 144, 432, 720, 336, 528, 144]
===============================================================================

===============================================================================
received parts! updated parts buffer [1392, 1392, 1392, 1392, 1392, 1392, 1392, 1392, 1392, 1392, 1392, 1392, 1392, 1392, 1392, 1392, 1392, 1392, 1392, 1392, 1392, 1392, 1392, 1392, 1392, 1392, 1392, 1392, 1392, 1392, 1392, 1392, 1392, 1392, 1392, 1392, 1392, 1392, 1392, 1392, 1392, 1392, 1392, 144, 912, 1488, 912, 720, 432, 816, 864, 960, 912, 960, 960, 1392, 1248, 432, 720, 960, 960, 1152, 336, 1440, 1248, 768, 1440, 336, 1248, 768, 1152, 144, 1248, 960, 144, 240, 576, 672, 720, 720, 720, 1440, 672, 672, 1344, 768, 768, 240, 1392, 1440, 1392, 240, 672, 240, 144, 432, 720, 336, 528, 144]
===============================================================================

===============================================================================
order of product 5 sent
===============================================================================

===============================================================================
updated parts buffer [1344, 1344, 1344, 1344, 1344, 1344, 1344, 1344, 1344, 1344, 1344, 1344, 1344, 1344, 1344, 1344, 1344, 1344, 1344, 1344, 1344, 1344, 1344, 1344, 1344, 1344, 1344, 1344, 1344, 1344, 1344, 1344, 1344, 1344, 1344, 1344, 1344, 1344, 1344, 1344, 1344, 1344, 1344, 96, 912, 1440, 912, 720, 384, 816, 816, 912, 912, 912, 960, 1344, 1248, 384, 720, 912, 960, 1152, 288, 1440, 1248, 720, 1440, 288, 1248, 720, 1152, 96, 1248, 912, 96, 192, 528, 624, 720, 720, 720, 1440, 624, 624, 1344, 720, 720, 192, 1344, 1440, 1344, 192, 624, 192, 96, 384, 720, 288, 528, 96]
===============================================================================

===============================================================================
day 20
===============================================================================

===============================================================================
parts buffer status on line 7:RED and buffer = [1344, 1344, 1344, 1344, 1344, 1344, 1344, 1344, 1344, 1344, 1344, 1344, 1344, 1344, 1344, 1344, 1344, 1344, 1344, 1344, 1344, 1344, 1344, 1344, 1344, 1344, 1344, 1344, 1344, 1344, 1344, 1344, 1344, 1344, 1344, 1344, 1344, 1344, 1344, 1344, 1344, 1344, 1344, 96, 912, 1440, 912, 720, 384, 816, 816, 912, 912, 912, 960, 1344, 1248, 384, 720, 912, 960, 1152, 288, 1440, 1248, 720, 1440, 288, 1248, 720, 1152, 96, 1248, 912, 96, 192, 528, 624, 720, 720, 720, 1440, 624, 624, 1344, 720, 720, 192, 1344, 1440, 1344, 192, 624, 192, 96, 384, 720, 288, 528, 96]
===============================================================================

===============================================================================
received parts! updated parts buffer [1344, 1344, 1344, 1344, 1344, 1344, 1344, 1344, 1344, 1344, 1344, 1344, 1344, 1344, 1344, 1344, 1344, 1344, 1344, 1344, 1344, 1344, 1344, 1344, 1344, 1344, 1344, 1344, 1344, 1344, 1344, 1344, 1344, 1344, 1344, 1344, 1344, 1344, 1344, 1344, 1344, 1344, 1344, 1536, 912, 1440, 912, 720, 384, 816, 816, 912, 912, 912, 960, 1344, 1248, 384, 720, 912, 960, 1152, 288, 1440, 1248, 720, 1440, 288, 1248, 720, 1152, 1536, 1248, 912, 1536, 192, 528, 624, 720, 720, 720, 1440, 624, 624, 1344, 720, 720, 192, 1344, 1440, 1344, 192, 624, 192, 1536, 384, 720, 288, 528, 1536]
===============================================================================

===============================================================================
order of product 4 sent
===============================================================================

===============================================================================
updated parts buffer [1248, 1248, 1248, 1248, 1248, 1248, 1248, 1248, 1248, 1248, 1248, 1248, 1248, 1248, 1248, 1248, 1248, 1248, 1248, 1248, 1248, 1248, 1248, 1248, 1248, 1248, 1248, 1248, 1248, 1248, 1248, 1248, 1248, 1248, 1248, 1248, 1248, 1248, 1248, 1248, 1248, 1248, 1248, 1440, 816, 1344, 816, 624, 288, 720, 816, 912, 816, 912, 960, 1248, 1248, 288, 624, 912, 960, 1152, 192, 1440, 1248, 720, 1440, 192, 1248, 720, 1152, 1440, 1248, 912, 1440, 96, 528, 624, 624, 624, 624, 1440, 624, 624, 1344, 720, 720, 96, 1248, 1440, 1248, 96, 624, 96, 1440, 288, 624, 192, 432, 1440]
===============================================================================

===============================================================================
day 21
===============================================================================

===============================================================================
parts buffer status on line 7:YELLOW and buffer = [1248, 1248, 1248, 1248, 1248, 1248, 1248, 1248, 1248, 1248, 1248, 1248, 1248, 1248, 1248, 1248, 1248, 1248, 1248, 1248, 1248, 1248, 1248, 1248, 1248, 1248, 1248, 1248, 1248, 1248, 1248, 1248, 1248, 1248, 1248, 1248, 1248, 1248, 1248, 1248, 1248, 1248, 1248, 1440, 816, 1344, 816, 624, 288, 720, 816, 912, 816, 912, 960, 1248, 1248, 288, 624, 912, 960, 1152, 192, 1440, 1248, 720, 1440, 192, 1248, 720, 1152, 1440, 1248, 912, 1440, 96, 528, 624, 624, 624, 624, 1440, 624, 624, 1344, 720, 720, 96, 1248, 1440, 1248, 96, 624, 96, 1440, 288, 624, 192, 432, 1440]
===============================================================================

===============================================================================
order of product 1 sent
===============================================================================

===============================================================================
updated parts buffer [1200, 1200, 1200, 1200, 1200, 1200, 1200, 1200, 1200, 1200, 1200, 1200, 1200, 1200, 1200, 1200, 1200, 1200, 1200, 1200, 1200, 1200, 1200, 1200, 1200, 1200, 1200, 1200, 1200, 1200, 1200, 1200, 1200, 1200, 1200, 1200, 1200, 1200, 1200, 1200, 1200, 1200, 1200, 1392, 816, 1296, 816, 624, 288, 720, 816, 912, 816, 912, 912, 1200, 1200, 288, 624, 912, 912, 1152, 192, 1440, 1248, 720, 1440, 192, 1248, 720, 1104, 1392, 1248, 912, 1440, 96, 480, 576, 576, 624, 624, 1440, 624, 624, 1344, 672, 720, 96, 1200, 1440, 1200, 48, 576, 48, 1392, 288, 576, 192, 384, 1440]
===============================================================================

===============================================================================
day 1
===============================================================================

===============================================================================
parts buffer status on line 7:RED and buffer = [0, 0, 0, 0, 0, 0, 0, 0, 0, 0, 0, 0, 0, 0, 0, 0, 0, 0, 0, 0, 0, 0, 0, 0, 0, 0, 0, 0, 0, 0, 0, 0, 0, 0, 0, 0, 0, 0, 0, 0, 0, 0, 0, 0, 0, 0, 0, 0, 0, 0, 0, 0, 0, 0, 0, 0, 0, 0, 0, 0, 0, 0, 0, 0, 0, 0, 0, 0, 0, 0, 0, 0, 0, 0, 0, 0, 0, 0, 0, 0, 0, 0, 0, 0, 0, 0, 0, 0, 0, 0, 0, 0, 0, 0, 0, 0, 0, 0, 0, 0]
===============================================================================

===============================================================================
LINE 7 BROKE: LACK OF PART STOCK
===============================================================================

===============================================================================
day 2
===============================================================================

===============================================================================
parts buffer status on line 7:RED and buffer = [0, 0, 0, 0, 0, 0, 0, 0, 0, 0, 0, 0, 0, 0, 0, 0, 0, 0, 0, 0, 0, 0, 0, 0, 0, 0, 0, 0, 0, 0, 0, 0, 0, 0, 0, 0, 0, 0, 0, 0, 0, 0, 0, 0, 0, 0, 0, 0, 0, 0, 0, 0, 0, 0, 0, 0, 0, 0, 0, 0, 0, 0, 0, 0, 0, 0, 0, 0, 0, 0, 0, 0, 0, 0, 0, 0, 0, 0, 0, 0, 0, 0, 0, 0, 0, 0, 0, 0, 0, 0, 0, 0, 0, 0, 0, 0, 0, 0, 0, 0]
===============================================================================

===============================================================================
LINE 7 BROKE: LACK OF PART STOCK
===============================================================================

===============================================================================
day 3
===============================================================================

===============================================================================
parts buffer status on line 7:RED and buffer = [0, 0, 0, 0, 0, 0, 0, 0, 0, 0, 0, 0, 0, 0, 0, 0, 0, 0, 0, 0, 0, 0, 0, 0, 0, 0, 0, 0, 0, 0, 0, 0, 0, 0, 0, 0, 0, 0, 0, 0, 0, 0, 0, 0, 0, 0, 0, 0, 0, 0, 0, 0, 0, 0, 0, 0, 0, 0, 0, 0, 0, 0, 0, 0, 0, 0, 0, 0, 0, 0, 0, 0, 0, 0, 0, 0, 0, 0, 0, 0, 0, 0, 0, 0, 0, 0, 0, 0, 0, 0, 0, 0, 0, 0, 0, 0, 0, 0, 0, 0]
===============================================================================

===============================================================================
LINE 7 BROKE: LACK OF PART STOCK
===============================================================================

===============================================================================
day 4
===============================================================================

===============================================================================
parts buffer status on line 7:RED and buffer = [0, 0, 0, 0, 0, 0, 0, 0, 0, 0, 0, 0, 0, 0, 0, 0, 0, 0, 0, 0, 0, 0, 0, 0, 0, 0, 0, 0, 0, 0, 0, 0, 0, 0, 0, 0, 0, 0, 0, 0, 0, 0, 0, 0, 0, 0, 0, 0, 0, 0, 0, 0, 0, 0, 0, 0, 0, 0, 0, 0, 0, 0, 0, 0, 0, 0, 0, 0, 0, 0, 0, 0, 0, 0, 0, 0, 0, 0, 0, 0, 0, 0, 0, 0, 0, 0, 0, 0, 0, 0, 0, 0, 0, 0, 0, 0, 0, 0, 0, 0]
===============================================================================

===============================================================================
day 5
===============================================================================

===============================================================================
parts buffer status on line 7:RED and buffer = [0, 0, 0, 0, 0, 0, 0, 0, 0, 0, 0, 0, 0, 0, 0, 0, 0, 0, 0, 0, 0, 0, 0, 0, 0, 0, 0, 0, 0, 0, 0, 0, 0, 0, 0, 0, 0, 0, 0, 0, 0, 0, 0, 0, 0, 0, 0, 0, 0, 0, 0, 0, 0, 0, 0, 0, 0, 0, 0, 0, 0, 0, 0, 0, 0, 0, 0, 0, 0, 0, 0, 0, 0, 0, 0, 0, 0, 0, 0, 0, 0, 0, 0, 0, 0, 0, 0, 0, 0, 0, 0, 0, 0, 0, 0, 0, 0, 0, 0, 0]
===============================================================================

===============================================================================
LINE 7 BROKE: LACK OF PART STOCK
===============================================================================

===============================================================================
day 6
===============================================================================

===============================================================================
parts buffer status on line 7:RED and buffer = [0, 0, 0, 0, 0, 0, 0, 0, 0, 0, 0, 0, 0, 0, 0, 0, 0, 0, 0, 0, 0, 0, 0, 0, 0, 0, 0, 0, 0, 0, 0, 0, 0, 0, 0, 0, 0, 0, 0, 0, 0, 0, 0, 0, 0, 0, 0, 0, 0, 0, 0, 0, 0, 0, 0, 0, 0, 0, 0, 0, 0, 0, 0, 0, 0, 0, 0, 0, 0, 0, 0, 0, 0, 0, 0, 0, 0, 0, 0, 0, 0, 0, 0, 0, 0, 0, 0, 0, 0, 0, 0, 0, 0, 0, 0, 0, 0, 0, 0, 0]
===============================================================================

===============================================================================
LINE 7 BROKE: LACK OF PART STOCK
===============================================================================

===============================================================================
day 7
===============================================================================

===============================================================================
parts buffer status on line 7:RED and buffer = [0, 0, 0, 0, 0, 0, 0, 0, 0, 0, 0, 0, 0, 0, 0, 0, 0, 0, 0, 0, 0, 0, 0, 0, 0, 0, 0, 0, 0, 0, 0, 0, 0, 0, 0, 0, 0, 0, 0, 0, 0, 0, 0, 0, 0, 0, 0, 0, 0, 0, 0, 0, 0, 0, 0, 0, 0, 0, 0, 0, 0, 0, 0, 0, 0, 0, 0, 0, 0, 0, 0, 0, 0, 0, 0, 0, 0, 0, 0, 0, 0, 0, 0, 0, 0, 0, 0, 0, 0, 0, 0, 0, 0, 0, 0, 0, 0, 0, 0, 0]
===============================================================================

===============================================================================
LINE 7 BROKE: LACK OF PART STOCK
===============================================================================

===============================================================================
day 8
===============================================================================

===============================================================================
parts buffer status on line 7:RED and buffer = [0, 0, 0, 0, 0, 0, 0, 0, 0, 0, 0, 0, 0, 0, 0, 0, 0, 0, 0, 0, 0, 0, 0, 0, 0, 0, 0, 0, 0, 0, 0, 0, 0, 0, 0, 0, 0, 0, 0, 0, 0, 0, 0, 0, 0, 0, 0, 0, 0, 0, 0, 0, 0, 0, 0, 0, 0, 0, 0, 0, 0, 0, 0, 0, 0, 0, 0, 0, 0, 0, 0, 0, 0, 0, 0, 0, 0, 0, 0, 0, 0, 0, 0, 0, 0, 0, 0, 0, 0, 0, 0, 0, 0, 0, 0, 0, 0, 0, 0, 0]
===============================================================================

===============================================================================
LINE 7 BROKE: LACK OF PART STOCK
===============================================================================

===============================================================================
day 9
===============================================================================

===============================================================================
parts buffer status on line 7:RED and buffer = [0, 0, 0, 0, 0, 0, 0, 0, 0, 0, 0, 0, 0, 0, 0, 0, 0, 0, 0, 0, 0, 0, 0, 0, 0, 0, 0, 0, 0, 0, 0, 0, 0, 0, 0, 0, 0, 0, 0, 0, 0, 0, 0, 0, 0, 0, 0, 0, 0, 0, 0, 0, 0, 0, 0, 0, 0, 0, 0, 0, 0, 0, 0, 0, 0, 0, 0, 0, 0, 0, 0, 0, 0, 0, 0, 0, 0, 0, 0, 0, 0, 0, 0, 0, 0, 0, 0, 0, 0, 0, 0, 0, 0, 0, 0, 0, 0, 0, 0, 0]
===============================================================================

===============================================================================
LINE 7 BROKE: LACK OF PART STOCK
===============================================================================

===============================================================================
day 10
===============================================================================

===============================================================================
parts buffer status on line 7:RED and buffer = [0, 0, 0, 0, 0, 0, 0, 0, 0, 0, 0, 0, 0, 0, 0, 0, 0, 0, 0, 0, 0, 0, 0, 0, 0, 0, 0, 0, 0, 0, 0, 0, 0, 0, 0, 0, 0, 0, 0, 0, 0, 0, 0, 0, 0, 0, 0, 0, 0, 0, 0, 0, 0, 0, 0, 0, 0, 0, 0, 0, 0, 0, 0, 0, 0, 0, 0, 0, 0, 0, 0, 0, 0, 0, 0, 0, 0, 0, 0, 0, 0, 0, 0, 0, 0, 0, 0, 0, 0, 0, 0, 0, 0, 0, 0, 0, 0, 0, 0, 0]
===============================================================================

===============================================================================
LINE 7 BROKE: LACK OF PART STOCK
===============================================================================

===============================================================================
day 11
===============================================================================

===============================================================================
parts buffer status on line 7:RED and buffer = [0, 0, 0, 0, 0, 0, 0, 0, 0, 0, 0, 0, 0, 0, 0, 0, 0, 0, 0, 0, 0, 0, 0, 0, 0, 0, 0, 0, 0, 0, 0, 0, 0, 0, 0, 0, 0, 0, 0, 0, 0, 0, 0, 0, 0, 0, 0, 0, 0, 0, 0, 0, 0, 0, 0, 0, 0, 0, 0, 0, 0, 0, 0, 0, 0, 0, 0, 0, 0, 0, 0, 0, 0, 0, 0, 0, 0, 0, 0, 0, 0, 0, 0, 0, 0, 0, 0, 0, 0, 0, 0, 0, 0, 0, 0, 0, 0, 0, 0, 0]
===============================================================================

===============================================================================
LINE 7 BROKE: LACK OF PART STOCK
===============================================================================

===============================================================================
day 12
===============================================================================

===============================================================================
parts buffer status on line 7:RED and buffer = [0, 0, 0, 0, 0, 0, 0, 0, 0, 0, 0, 0, 0, 0, 0, 0, 0, 0, 0, 0, 0, 0, 0, 0, 0, 0, 0, 0, 0, 0, 0, 0, 0, 0, 0, 0, 0, 0, 0, 0, 0, 0, 0, 0, 0, 0, 0, 0, 0, 0, 0, 0, 0, 0, 0, 0, 0, 0, 0, 0, 0, 0, 0, 0, 0, 0, 0, 0, 0, 0, 0, 0, 0, 0, 0, 0, 0, 0, 0, 0, 0, 0, 0, 0, 0, 0, 0, 0, 0, 0, 0, 0, 0, 0, 0, 0, 0, 0, 0, 0]
===============================================================================

===============================================================================
LINE 7 BROKE: LACK OF PART STOCK
===============================================================================

===============================================================================
day 13
===============================================================================

===============================================================================
parts buffer status on line 7:RED and buffer = [0, 0, 0, 0, 0, 0, 0, 0, 0, 0, 0, 0, 0, 0, 0, 0, 0, 0, 0, 0, 0, 0, 0, 0, 0, 0, 0, 0, 0, 0, 0, 0, 0, 0, 0, 0, 0, 0, 0, 0, 0, 0, 0, 0, 0, 0, 0, 0, 0, 0, 0, 0, 0, 0, 0, 0, 0, 0, 0, 0, 0, 0, 0, 0, 0, 0, 0, 0, 0, 0, 0, 0, 0, 0, 0, 0, 0, 0, 0, 0, 0, 0, 0, 0, 0, 0, 0, 0, 0, 0, 0, 0, 0, 0, 0, 0, 0, 0, 0, 0]
===============================================================================

===============================================================================
LINE 7 BROKE: LACK OF PART STOCK
===============================================================================

===============================================================================
day 14
===============================================================================

===============================================================================
parts buffer status on line 7:RED and buffer = [0, 0, 0, 0, 0, 0, 0, 0, 0, 0, 0, 0, 0, 0, 0, 0, 0, 0, 0, 0, 0, 0, 0, 0, 0, 0, 0, 0, 0, 0, 0, 0, 0, 0, 0, 0, 0, 0, 0, 0, 0, 0, 0, 0, 0, 0, 0, 0, 0, 0, 0, 0, 0, 0, 0, 0, 0, 0, 0, 0, 0, 0, 0, 0, 0, 0, 0, 0, 0, 0, 0, 0, 0, 0, 0, 0, 0, 0, 0, 0, 0, 0, 0, 0, 0, 0, 0, 0, 0, 0, 0, 0, 0, 0, 0, 0, 0, 0, 0, 0]
===============================================================================

===============================================================================
LINE 7 BROKE: LACK OF PART STOCK
===============================================================================

===============================================================================
day 15
===============================================================================

===============================================================================
parts buffer status on line 7:RED and buffer = [0, 0, 0, 0, 0, 0, 0, 0, 0, 0, 0, 0, 0, 0, 0, 0, 0, 0, 0, 0, 0, 0, 0, 0, 0, 0, 0, 0, 0, 0, 0, 0, 0, 0, 0, 0, 0, 0, 0, 0, 0, 0, 0, 0, 0, 0, 0, 0, 0, 0, 0, 0, 0, 0, 0, 0, 0, 0, 0, 0, 0, 0, 0, 0, 0, 0, 0, 0, 0, 0, 0, 0, 0, 0, 0, 0, 0, 0, 0, 0, 0, 0, 0, 0, 0, 0, 0, 0, 0, 0, 0, 0, 0, 0, 0, 0, 0, 0, 0, 0]
===============================================================================

===============================================================================
LINE 7 BROKE: LACK OF PART STOCK
===============================================================================

===============================================================================
day 16
===============================================================================

===============================================================================
parts buffer status on line 7:RED and buffer = [0, 0, 0, 0, 0, 0, 0, 0, 0, 0, 0, 0, 0, 0, 0, 0, 0, 0, 0, 0, 0, 0, 0, 0, 0, 0, 0, 0, 0, 0, 0, 0, 0, 0, 0, 0, 0, 0, 0, 0, 0, 0, 0, 0, 0, 0, 0, 0, 0, 0, 0, 0, 0, 0, 0, 0, 0, 0, 0, 0, 0, 0, 0, 0, 0, 0, 0, 0, 0, 0, 0, 0, 0, 0, 0, 0, 0, 0, 0, 0, 0, 0, 0, 0, 0, 0, 0, 0, 0, 0, 0, 0, 0, 0, 0, 0, 0, 0, 0, 0]
===============================================================================

===============================================================================
LINE 7 BROKE: LACK OF PART STOCK
===============================================================================

===============================================================================
day 17
===============================================================================

===============================================================================
parts buffer status on line 7:RED and buffer = [0, 0, 0, 0, 0, 0, 0, 0, 0, 0, 0, 0, 0, 0, 0, 0, 0, 0, 0, 0, 0, 0, 0, 0, 0, 0, 0, 0, 0, 0, 0, 0, 0, 0, 0, 0, 0, 0, 0, 0, 0, 0, 0, 0, 0, 0, 0, 0, 0, 0, 0, 0, 0, 0, 0, 0, 0, 0, 0, 0, 0, 0, 0, 0, 0, 0, 0, 0, 0, 0, 0, 0, 0, 0, 0, 0, 0, 0, 0, 0, 0, 0, 0, 0, 0, 0, 0, 0, 0, 0, 0, 0, 0, 0, 0, 0, 0, 0, 0, 0]
===============================================================================

===============================================================================
LINE 7 BROKE: LACK OF PART STOCK
===============================================================================

===============================================================================
day 18
===============================================================================

===============================================================================
parts buffer status on line 7:RED and buffer = [0, 0, 0, 0, 0, 0, 0, 0, 0, 0, 0, 0, 0, 0, 0, 0, 0, 0, 0, 0, 0, 0, 0, 0, 0, 0, 0, 0, 0, 0, 0, 0, 0, 0, 0, 0, 0, 0, 0, 0, 0, 0, 0, 0, 0, 0, 0, 0, 0, 0, 0, 0, 0, 0, 0, 0, 0, 0, 0, 0, 0, 0, 0, 0, 0, 0, 0, 0, 0, 0, 0, 0, 0, 0, 0, 0, 0, 0, 0, 0, 0, 0, 0, 0, 0, 0, 0, 0, 0, 0, 0, 0, 0, 0, 0, 0, 0, 0, 0, 0]
===============================================================================

===============================================================================
LINE 7 BROKE: LACK OF PART STOCK
===============================================================================
