
===============================================================================
day 1
===============================================================================

===============================================================================
parts buffer status on line 6:RED and buffer = [0, 0, 0, 0, 0, 0, 0, 0, 0, 0, 0, 0, 0, 0, 0, 0, 0, 0, 0, 0, 0, 0, 0, 0, 0, 0, 0, 0, 0, 0, 0, 0, 0, 0, 0, 0, 0, 0, 0, 0, 0, 0, 0, 0, 0, 0, 0, 0, 0, 0, 0, 0, 0, 0, 0, 0, 0, 0, 0, 0, 0, 0, 0, 0, 0, 0, 0, 0, 0, 0, 0, 0, 0, 0, 0, 0, 0, 0, 0, 0, 0, 0, 0, 0, 0, 0, 0, 0, 0, 0, 0, 0, 0, 0, 0, 0, 0, 0, 0, 0]
===============================================================================

===============================================================================
LINE 6 BROKE: LACK OF PART STOCK
===============================================================================

===============================================================================
day 2
===============================================================================

===============================================================================
parts buffer status on line 6:RED and buffer = [0, 0, 0, 0, 0, 0, 0, 0, 0, 0, 0, 0, 0, 0, 0, 0, 0, 0, 0, 0, 0, 0, 0, 0, 0, 0, 0, 0, 0, 0, 0, 0, 0, 0, 0, 0, 0, 0, 0, 0, 0, 0, 0, 0, 0, 0, 0, 0, 0, 0, 0, 0, 0, 0, 0, 0, 0, 0, 0, 0, 0, 0, 0, 0, 0, 0, 0, 0, 0, 0, 0, 0, 0, 0, 0, 0, 0, 0, 0, 0, 0, 0, 0, 0, 0, 0, 0, 0, 0, 0, 0, 0, 0, 0, 0, 0, 0, 0, 0, 0]
===============================================================================

===============================================================================
LINE 6 BROKE: LACK OF PART STOCK
===============================================================================

===============================================================================
day 3
===============================================================================

===============================================================================
parts buffer status on line 6:RED and buffer = [0, 0, 0, 0, 0, 0, 0, 0, 0, 0, 0, 0, 0, 0, 0, 0, 0, 0, 0, 0, 0, 0, 0, 0, 0, 0, 0, 0, 0, 0, 0, 0, 0, 0, 0, 0, 0, 0, 0, 0, 0, 0, 0, 0, 0, 0, 0, 0, 0, 0, 0, 0, 0, 0, 0, 0, 0, 0, 0, 0, 0, 0, 0, 0, 0, 0, 0, 0, 0, 0, 0, 0, 0, 0, 0, 0, 0, 0, 0, 0, 0, 0, 0, 0, 0, 0, 0, 0, 0, 0, 0, 0, 0, 0, 0, 0, 0, 0, 0, 0]
===============================================================================

===============================================================================
LINE 6 BROKE: LACK OF PART STOCK
===============================================================================

===============================================================================
day 4
===============================================================================

===============================================================================
parts buffer status on line 6:RED and buffer = [0, 0, 0, 0, 0, 0, 0, 0, 0, 0, 0, 0, 0, 0, 0, 0, 0, 0, 0, 0, 0, 0, 0, 0, 0, 0, 0, 0, 0, 0, 0, 0, 0, 0, 0, 0, 0, 0, 0, 0, 0, 0, 0, 0, 0, 0, 0, 0, 0, 0, 0, 0, 0, 0, 0, 0, 0, 0, 0, 0, 0, 0, 0, 0, 0, 0, 0, 0, 0, 0, 0, 0, 0, 0, 0, 0, 0, 0, 0, 0, 0, 0, 0, 0, 0, 0, 0, 0, 0, 0, 0, 0, 0, 0, 0, 0, 0, 0, 0, 0]
===============================================================================

===============================================================================
LINE 6 BROKE: LACK OF PART STOCK
===============================================================================

===============================================================================
day 5
===============================================================================

===============================================================================
parts buffer status on line 6:RED and buffer = [0, 0, 0, 0, 0, 0, 0, 0, 0, 0, 0, 0, 0, 0, 0, 0, 0, 0, 0, 0, 0, 0, 0, 0, 0, 0, 0, 0, 0, 0, 0, 0, 0, 0, 0, 0, 0, 0, 0, 0, 0, 0, 0, 0, 0, 0, 0, 0, 0, 0, 0, 0, 0, 0, 0, 0, 0, 0, 0, 0, 0, 0, 0, 0, 0, 0, 0, 0, 0, 0, 0, 0, 0, 0, 0, 0, 0, 0, 0, 0, 0, 0, 0, 0, 0, 0, 0, 0, 0, 0, 0, 0, 0, 0, 0, 0, 0, 0, 0, 0]
===============================================================================

===============================================================================
LINE 6 BROKE: LACK OF PART STOCK
===============================================================================

===============================================================================
day 6
===============================================================================

===============================================================================
parts buffer status on line 6:RED and buffer = [0, 0, 0, 0, 0, 0, 0, 0, 0, 0, 0, 0, 0, 0, 0, 0, 0, 0, 0, 0, 0, 0, 0, 0, 0, 0, 0, 0, 0, 0, 0, 0, 0, 0, 0, 0, 0, 0, 0, 0, 0, 0, 0, 0, 0, 0, 0, 0, 0, 0, 0, 0, 0, 0, 0, 0, 0, 0, 0, 0, 0, 0, 0, 0, 0, 0, 0, 0, 0, 0, 0, 0, 0, 0, 0, 0, 0, 0, 0, 0, 0, 0, 0, 0, 0, 0, 0, 0, 0, 0, 0, 0, 0, 0, 0, 0, 0, 0, 0, 0]
===============================================================================

===============================================================================
LINE 6 BROKE: LACK OF PART STOCK
===============================================================================

===============================================================================
day 7
===============================================================================

===============================================================================
parts buffer status on line 6:RED and buffer = [0, 0, 0, 0, 0, 0, 0, 0, 0, 0, 0, 0, 0, 0, 0, 0, 0, 0, 0, 0, 0, 0, 0, 0, 0, 0, 0, 0, 0, 0, 0, 0, 0, 0, 0, 0, 0, 0, 0, 0, 0, 0, 0, 0, 0, 0, 0, 0, 0, 0, 0, 0, 0, 0, 0, 0, 0, 0, 0, 0, 0, 0, 0, 0, 0, 0, 0, 0, 0, 0, 0, 0, 0, 0, 0, 0, 0, 0, 0, 0, 0, 0, 0, 0, 0, 0, 0, 0, 0, 0, 0, 0, 0, 0, 0, 0, 0, 0, 0, 0]
===============================================================================

===============================================================================
LINE 6 BROKE: LACK OF PART STOCK
===============================================================================

===============================================================================
day 8
===============================================================================

===============================================================================
parts buffer status on line 6:RED and buffer = [0, 0, 0, 0, 0, 0, 0, 0, 0, 0, 0, 0, 0, 0, 0, 0, 0, 0, 0, 0, 0, 0, 0, 0, 0, 0, 0, 0, 0, 0, 0, 0, 0, 0, 0, 0, 0, 0, 0, 0, 0, 0, 0, 0, 0, 0, 0, 0, 0, 0, 0, 0, 0, 0, 0, 0, 0, 0, 0, 0, 0, 0, 0, 0, 0, 0, 0, 0, 0, 0, 0, 0, 0, 0, 0, 0, 0, 0, 0, 0, 0, 0, 0, 0, 0, 0, 0, 0, 0, 0, 0, 0, 0, 0, 0, 0, 0, 0, 0, 0]
===============================================================================

===============================================================================
LINE 6 BROKE: LACK OF PART STOCK
===============================================================================

===============================================================================
day 9
===============================================================================

===============================================================================
parts buffer status on line 6:RED and buffer = [0, 0, 0, 0, 0, 0, 0, 0, 0, 0, 0, 0, 0, 0, 0, 0, 0, 0, 0, 0, 0, 0, 0, 0, 0, 0, 0, 0, 0, 0, 0, 0, 0, 0, 0, 0, 0, 0, 0, 0, 0, 0, 0, 0, 0, 0, 0, 0, 0, 0, 0, 0, 0, 0, 0, 0, 0, 0, 0, 0, 0, 0, 0, 0, 0, 0, 0, 0, 0, 0, 0, 0, 0, 0, 0, 0, 0, 0, 0, 0, 0, 0, 0, 0, 0, 0, 0, 0, 0, 0, 0, 0, 0, 0, 0, 0, 0, 0, 0, 0]
===============================================================================

===============================================================================
day 10
===============================================================================

===============================================================================
parts buffer status on line 6:RED and buffer = [0, 0, 0, 0, 0, 0, 0, 0, 0, 0, 0, 0, 0, 0, 0, 0, 0, 0, 0, 0, 0, 0, 0, 0, 0, 0, 0, 0, 0, 0, 0, 0, 0, 0, 0, 0, 0, 0, 0, 0, 0, 0, 0, 0, 0, 0, 0, 0, 0, 0, 0, 0, 0, 0, 0, 0, 0, 0, 0, 0, 0, 0, 0, 0, 0, 0, 0, 0, 0, 0, 0, 0, 0, 0, 0, 0, 0, 0, 0, 0, 0, 0, 0, 0, 0, 0, 0, 0, 0, 0, 0, 0, 0, 0, 0, 0, 0, 0, 0, 0]
===============================================================================

===============================================================================
LINE 6 BROKE: LACK OF PART STOCK
===============================================================================

===============================================================================
day 11
===============================================================================

===============================================================================
parts buffer status on line 6:RED and buffer = [0, 0, 0, 0, 0, 0, 0, 0, 0, 0, 0, 0, 0, 0, 0, 0, 0, 0, 0, 0, 0, 0, 0, 0, 0, 0, 0, 0, 0, 0, 0, 0, 0, 0, 0, 0, 0, 0, 0, 0, 0, 0, 0, 0, 0, 0, 0, 0, 0, 0, 0, 0, 0, 0, 0, 0, 0, 0, 0, 0, 0, 0, 0, 0, 0, 0, 0, 0, 0, 0, 0, 0, 0, 0, 0, 0, 0, 0, 0, 0, 0, 0, 0, 0, 0, 0, 0, 0, 0, 0, 0, 0, 0, 0, 0, 0, 0, 0, 0, 0]
===============================================================================

===============================================================================
LINE 6 BROKE: LACK OF PART STOCK
===============================================================================

===============================================================================
day 12
===============================================================================

===============================================================================
parts buffer status on line 6:RED and buffer = [0, 0, 0, 0, 0, 0, 0, 0, 0, 0, 0, 0, 0, 0, 0, 0, 0, 0, 0, 0, 0, 0, 0, 0, 0, 0, 0, 0, 0, 0, 0, 0, 0, 0, 0, 0, 0, 0, 0, 0, 0, 0, 0, 0, 0, 0, 0, 0, 0, 0, 0, 0, 0, 0, 0, 0, 0, 0, 0, 0, 0, 0, 0, 0, 0, 0, 0, 0, 0, 0, 0, 0, 0, 0, 0, 0, 0, 0, 0, 0, 0, 0, 0, 0, 0, 0, 0, 0, 0, 0, 0, 0, 0, 0, 0, 0, 0, 0, 0, 0]
===============================================================================

===============================================================================
LINE 6 BROKE: LACK OF PART STOCK
===============================================================================

===============================================================================
day 13
===============================================================================

===============================================================================
parts buffer status on line 6:RED and buffer = [0, 0, 0, 0, 0, 0, 0, 0, 0, 0, 0, 0, 0, 0, 0, 0, 0, 0, 0, 0, 0, 0, 0, 0, 0, 0, 0, 0, 0, 0, 0, 0, 0, 0, 0, 0, 0, 0, 0, 0, 0, 0, 0, 0, 0, 0, 0, 0, 0, 0, 0, 0, 0, 0, 0, 0, 0, 0, 0, 0, 0, 0, 0, 0, 0, 0, 0, 0, 0, 0, 0, 0, 0, 0, 0, 0, 0, 0, 0, 0, 0, 0, 0, 0, 0, 0, 0, 0, 0, 0, 0, 0, 0, 0, 0, 0, 0, 0, 0, 0]
===============================================================================

===============================================================================
LINE 6 BROKE: LACK OF PART STOCK
===============================================================================

===============================================================================
day 14
===============================================================================

===============================================================================
parts buffer status on line 6:RED and buffer = [0, 0, 0, 0, 0, 0, 0, 0, 0, 0, 0, 0, 0, 0, 0, 0, 0, 0, 0, 0, 0, 0, 0, 0, 0, 0, 0, 0, 0, 0, 0, 0, 0, 0, 0, 0, 0, 0, 0, 0, 0, 0, 0, 0, 0, 0, 0, 0, 0, 0, 0, 0, 0, 0, 0, 0, 0, 0, 0, 0, 0, 0, 0, 0, 0, 0, 0, 0, 0, 0, 0, 0, 0, 0, 0, 0, 0, 0, 0, 0, 0, 0, 0, 0, 0, 0, 0, 0, 0, 0, 0, 0, 0, 0, 0, 0, 0, 0, 0, 0]
===============================================================================

===============================================================================
LINE 6 BROKE: LACK OF PART STOCK
===============================================================================

===============================================================================
day 15
===============================================================================

===============================================================================
parts buffer status on line 6:RED and buffer = [0, 0, 0, 0, 0, 0, 0, 0, 0, 0, 0, 0, 0, 0, 0, 0, 0, 0, 0, 0, 0, 0, 0, 0, 0, 0, 0, 0, 0, 0, 0, 0, 0, 0, 0, 0, 0, 0, 0, 0, 0, 0, 0, 0, 0, 0, 0, 0, 0, 0, 0, 0, 0, 0, 0, 0, 0, 0, 0, 0, 0, 0, 0, 0, 0, 0, 0, 0, 0, 0, 0, 0, 0, 0, 0, 0, 0, 0, 0, 0, 0, 0, 0, 0, 0, 0, 0, 0, 0, 0, 0, 0, 0, 0, 0, 0, 0, 0, 0, 0]
===============================================================================

===============================================================================
LINE 6 BROKE: LACK OF PART STOCK
===============================================================================

===============================================================================
day 16
===============================================================================

===============================================================================
parts buffer status on line 6:RED and buffer = [0, 0, 0, 0, 0, 0, 0, 0, 0, 0, 0, 0, 0, 0, 0, 0, 0, 0, 0, 0, 0, 0, 0, 0, 0, 0, 0, 0, 0, 0, 0, 0, 0, 0, 0, 0, 0, 0, 0, 0, 0, 0, 0, 0, 0, 0, 0, 0, 0, 0, 0, 0, 0, 0, 0, 0, 0, 0, 0, 0, 0, 0, 0, 0, 0, 0, 0, 0, 0, 0, 0, 0, 0, 0, 0, 0, 0, 0, 0, 0, 0, 0, 0, 0, 0, 0, 0, 0, 0, 0, 0, 0, 0, 0, 0, 0, 0, 0, 0, 0]
===============================================================================

===============================================================================
LINE 6 BROKE: LACK OF PART STOCK
===============================================================================

===============================================================================
day 17
===============================================================================

===============================================================================
parts buffer status on line 6:RED and buffer = [0, 0, 0, 0, 0, 0, 0, 0, 0, 0, 0, 0, 0, 0, 0, 0, 0, 0, 0, 0, 0, 0, 0, 0, 0, 0, 0, 0, 0, 0, 0, 0, 0, 0, 0, 0, 0, 0, 0, 0, 0, 0, 0, 0, 0, 0, 0, 0, 0, 0, 0, 0, 0, 0, 0, 0, 0, 0, 0, 0, 0, 0, 0, 0, 0, 0, 0, 0, 0, 0, 0, 0, 0, 0, 0, 0, 0, 0, 0, 0, 0, 0, 0, 0, 0, 0, 0, 0, 0, 0, 0, 0, 0, 0, 0, 0, 0, 0, 0, 0]
===============================================================================

===============================================================================
LINE 6 BROKE: LACK OF PART STOCK
===============================================================================

===============================================================================
day 18
===============================================================================

===============================================================================
parts buffer status on line 6:RED and buffer = [0, 0, 0, 0, 0, 0, 0, 0, 0, 0, 0, 0, 0, 0, 0, 0, 0, 0, 0, 0, 0, 0, 0, 0, 0, 0, 0, 0, 0, 0, 0, 0, 0, 0, 0, 0, 0, 0, 0, 0, 0, 0, 0, 0, 0, 0, 0, 0, 0, 0, 0, 0, 0, 0, 0, 0, 0, 0, 0, 0, 0, 0, 0, 0, 0, 0, 0, 0, 0, 0, 0, 0, 0, 0, 0, 0, 0, 0, 0, 0, 0, 0, 0, 0, 0, 0, 0, 0, 0, 0, 0, 0, 0, 0, 0, 0, 0, 0, 0, 0]
===============================================================================

===============================================================================
LINE 6 BROKE: LACK OF PART STOCK
===============================================================================

===============================================================================
day 19
===============================================================================

===============================================================================
parts buffer status on line 6:RED and buffer = [0, 0, 0, 0, 0, 0, 0, 0, 0, 0, 0, 0, 0, 0, 0, 0, 0, 0, 0, 0, 0, 0, 0, 0, 0, 0, 0, 0, 0, 0, 0, 0, 0, 0, 0, 0, 0, 0, 0, 0, 0, 0, 0, 0, 0, 0, 0, 0, 0, 0, 0, 0, 0, 0, 0, 0, 0, 0, 0, 0, 0, 0, 0, 0, 0, 0, 0, 0, 0, 0, 0, 0, 0, 0, 0, 0, 0, 0, 0, 0, 0, 0, 0, 0, 0, 0, 0, 0, 0, 0, 0, 0, 0, 0, 0, 0, 0, 0, 0, 0]
===============================================================================

===============================================================================
LINE 6 BROKE: LACK OF PART STOCK
===============================================================================

===============================================================================
day 20
===============================================================================

===============================================================================
parts buffer status on line 6:RED and buffer = [0, 0, 0, 0, 0, 0, 0, 0, 0, 0, 0, 0, 0, 0, 0, 0, 0, 0, 0, 0, 0, 0, 0, 0, 0, 0, 0, 0, 0, 0, 0, 0, 0, 0, 0, 0, 0, 0, 0, 0, 0, 0, 0, 0, 0, 0, 0, 0, 0, 0, 0, 0, 0, 0, 0, 0, 0, 0, 0, 0, 0, 0, 0, 0, 0, 0, 0, 0, 0, 0, 0, 0, 0, 0, 0, 0, 0, 0, 0, 0, 0, 0, 0, 0, 0, 0, 0, 0, 0, 0, 0, 0, 0, 0, 0, 0, 0, 0, 0, 0]
===============================================================================

===============================================================================
LINE 6 BROKE: LACK OF PART STOCK
===============================================================================

===============================================================================
day 21
===============================================================================

===============================================================================
parts buffer status on line 6:RED and buffer = [0, 0, 0, 0, 0, 0, 0, 0, 0, 0, 0, 0, 0, 0, 0, 0, 0, 0, 0, 0, 0, 0, 0, 0, 0, 0, 0, 0, 0, 0, 0, 0, 0, 0, 0, 0, 0, 0, 0, 0, 0, 0, 0, 0, 0, 0, 0, 0, 0, 0, 0, 0, 0, 0, 0, 0, 0, 0, 0, 0, 0, 0, 0, 0, 0, 0, 0, 0, 0, 0, 0, 0, 0, 0, 0, 0, 0, 0, 0, 0, 0, 0, 0, 0, 0, 0, 0, 0, 0, 0, 0, 0, 0, 0, 0, 0, 0, 0, 0, 0]
===============================================================================

===============================================================================
LINE 6 BROKE: LACK OF PART STOCK
===============================================================================

===============================================================================
day 1
===============================================================================

===============================================================================
parts buffer status on line 6:RED and buffer = [0, 0, 0, 0, 0, 0, 0, 0, 0, 0, 0, 0, 0, 0, 0, 0, 0, 0, 0, 0, 0, 0, 0, 0, 0, 0, 0, 0, 0, 0, 0, 0, 0, 0, 0, 0, 0, 0, 0, 0, 0, 0, 0, 0, 0, 0, 0, 0, 0, 0, 0, 0, 0, 0, 0, 0, 0, 0, 0, 0, 0, 0, 0, 0, 0, 0, 0, 0, 0, 0, 0, 0, 0, 0, 0, 0, 0, 0, 0, 0, 0, 0, 0, 0, 0, 0, 0, 0, 0, 0, 0, 0, 0, 0, 0, 0, 0, 0, 0, 0]
===============================================================================

===============================================================================
received parts! updated parts buffer [1440, 1440, 1440, 1440, 1440, 1440, 1440, 1440, 1440, 1440, 1440, 1440, 1440, 1440, 1440, 1440, 1440, 1440, 1440, 1440, 1440, 1440, 1440, 1440, 1440, 1440, 1440, 1440, 1440, 1440, 1440, 1440, 1440, 1440, 1440, 1440, 1440, 1440, 1440, 1440, 1440, 1440, 1440, 1440, 1440, 1440, 1440, 1440, 1440, 1440, 1440, 1440, 1440, 1440, 1440, 1440, 1440, 1440, 1440, 1440, 1440, 1440, 1440, 1440, 1440, 1440, 1440, 1440, 1440, 1440, 1440, 1440, 1440, 1440, 1440, 1440, 1440, 1440, 1440, 1440, 1440, 1440, 1440, 1440, 1440, 1440, 1440, 1440, 1440, 1440, 1440, 1440, 1440, 1440, 1440, 1440, 1440, 1440, 1440, 1440]
===============================================================================

===============================================================================
day 2
===============================================================================

===============================================================================
parts buffer status on line 6:GREEN and buffer = [1440, 1440, 1440, 1440, 1440, 1440, 1440, 1440, 1440, 1440, 1440, 1440, 1440, 1440, 1440, 1440, 1440, 1440, 1440, 1440, 1440, 1440, 1440, 1440, 1440, 1440, 1440, 1440, 1440, 1440, 1440, 1440, 1440, 1440, 1440, 1440, 1440, 1440, 1440, 1440, 1440, 1440, 1440, 1440, 1440, 1440, 1440, 1440, 1440, 1440, 1440, 1440, 1440, 1440, 1440, 1440, 1440, 1440, 1440, 1440, 1440, 1440, 1440, 1440, 1440, 1440, 1440, 1440, 1440, 1440, 1440, 1440, 1440, 1440, 1440, 1440, 1440, 1440, 1440, 1440, 1440, 1440, 1440, 1440, 1440, 1440, 1440, 1440, 1440, 1440, 1440, 1440, 1440, 1440, 1440, 1440, 1440, 1440, 1440, 1440]
===============================================================================

===============================================================================
order of product 2 sent
===============================================================================

===============================================================================
updated parts buffer [1344, 1344, 1344, 1344, 1344, 1344, 1344, 1344, 1344, 1344, 1344, 1344, 1344, 1344, 1344, 1344, 1344, 1344, 1344, 1344, 1344, 1344, 1344, 1344, 1344, 1344, 1344, 1344, 1344, 1344, 1344, 1344, 1344, 1344, 1344, 1344, 1344, 1344, 1344, 1344, 1344, 1344, 1344, 1344, 1440, 1440, 1440, 1440, 1440, 1344, 1344, 1440, 1440, 1440, 1344, 1344, 1440, 1440, 1440, 1440, 1344, 1344, 1344, 1440, 1440, 1440, 1440, 1344, 1440, 1440, 1344, 1344, 1440, 1440, 1344, 1440, 1440, 1344, 1440, 1440, 1440, 1440, 1344, 1344, 1344, 1440, 1440, 1440, 1344, 1440, 1344, 1440, 1344, 1440, 1344, 1440, 1440, 1344, 1440, 1344]
===============================================================================

===============================================================================
day 3
===============================================================================

===============================================================================
parts buffer status on line 6:GREEN and buffer = [1344, 1344, 1344, 1344, 1344, 1344, 1344, 1344, 1344, 1344, 1344, 1344, 1344, 1344, 1344, 1344, 1344, 1344, 1344, 1344, 1344, 1344, 1344, 1344, 1344, 1344, 1344, 1344, 1344, 1344, 1344, 1344, 1344, 1344, 1344, 1344, 1344, 1344, 1344, 1344, 1344, 1344, 1344, 1344, 1440, 1440, 1440, 1440, 1440, 1344, 1344, 1440, 1440, 1440, 1344, 1344, 1440, 1440, 1440, 1440, 1344, 1344, 1344, 1440, 1440, 1440, 1440, 1344, 1440, 1440, 1344, 1344, 1440, 1440, 1344, 1440, 1440, 1344, 1440, 1440, 1440, 1440, 1344, 1344, 1344, 1440, 1440, 1440, 1344, 1440, 1344, 1440, 1344, 1440, 1344, 1440, 1440, 1344, 1440, 1344]
===============================================================================

===============================================================================
order of product 4 sent
===============================================================================

===============================================================================
updated parts buffer [1248, 1248, 1248, 1248, 1248, 1248, 1248, 1248, 1248, 1248, 1248, 1248, 1248, 1248, 1248, 1248, 1248, 1248, 1248, 1248, 1248, 1248, 1248, 1248, 1248, 1248, 1248, 1248, 1248, 1248, 1248, 1248, 1248, 1248, 1248, 1248, 1248, 1248, 1248, 1248, 1248, 1248, 1248, 1248, 1344, 1344, 1344, 1344, 1344, 1248, 1344, 1440, 1344, 1440, 1344, 1248, 1440, 1344, 1344, 1440, 1344, 1344, 1248, 1440, 1440, 1440, 1440, 1248, 1440, 1440, 1344, 1248, 1440, 1440, 1248, 1344, 1440, 1344, 1344, 1344, 1344, 1440, 1344, 1344, 1344, 1440, 1440, 1344, 1248, 1440, 1248, 1344, 1344, 1344, 1248, 1344, 1344, 1248, 1344, 1248]
===============================================================================

===============================================================================
day 4
===============================================================================

===============================================================================
parts buffer status on line 6:GREEN and buffer = [1248, 1248, 1248, 1248, 1248, 1248, 1248, 1248, 1248, 1248, 1248, 1248, 1248, 1248, 1248, 1248, 1248, 1248, 1248, 1248, 1248, 1248, 1248, 1248, 1248, 1248, 1248, 1248, 1248, 1248, 1248, 1248, 1248, 1248, 1248, 1248, 1248, 1248, 1248, 1248, 1248, 1248, 1248, 1248, 1344, 1344, 1344, 1344, 1344, 1248, 1344, 1440, 1344, 1440, 1344, 1248, 1440, 1344, 1344, 1440, 1344, 1344, 1248, 1440, 1440, 1440, 1440, 1248, 1440, 1440, 1344, 1248, 1440, 1440, 1248, 1344, 1440, 1344, 1344, 1344, 1344, 1440, 1344, 1344, 1344, 1440, 1440, 1344, 1248, 1440, 1248, 1344, 1344, 1344, 1248, 1344, 1344, 1248, 1344, 1248]
===============================================================================

===============================================================================
order of product 1 sent
===============================================================================

===============================================================================
updated parts buffer [1152, 1152, 1152, 1152, 1152, 1152, 1152, 1152, 1152, 1152, 1152, 1152, 1152, 1152, 1152, 1152, 1152, 1152, 1152, 1152, 1152, 1152, 1152, 1152, 1152, 1152, 1152, 1152, 1152, 1152, 1152, 1152, 1152, 1152, 1152, 1152, 1152, 1152, 1152, 1152, 1152, 1152, 1152, 1152, 1344, 1248, 1344, 1344, 1344, 1248, 1344, 1440, 1344, 1440, 1248, 1152, 1344, 1344, 1344, 1440, 1248, 1344, 1248, 1440, 1440, 1440, 1440, 1248, 1440, 1440, 1248, 1152, 1440, 1440, 1248, 1344, 1344, 1248, 1248, 1344, 1344, 1440, 1344, 1344, 1344, 1344, 1440, 1344, 1152, 1440, 1152, 1248, 1248, 1248, 1152, 1344, 1248, 1248, 1248, 1248]
===============================================================================

===============================================================================
day 5
===============================================================================

===============================================================================
parts buffer status on line 6:GREEN and buffer = [1152, 1152, 1152, 1152, 1152, 1152, 1152, 1152, 1152, 1152, 1152, 1152, 1152, 1152, 1152, 1152, 1152, 1152, 1152, 1152, 1152, 1152, 1152, 1152, 1152, 1152, 1152, 1152, 1152, 1152, 1152, 1152, 1152, 1152, 1152, 1152, 1152, 1152, 1152, 1152, 1152, 1152, 1152, 1152, 1344, 1248, 1344, 1344, 1344, 1248, 1344, 1440, 1344, 1440, 1248, 1152, 1344, 1344, 1344, 1440, 1248, 1344, 1248, 1440, 1440, 1440, 1440, 1248, 1440, 1440, 1248, 1152, 1440, 1440, 1248, 1344, 1344, 1248, 1248, 1344, 1344, 1440, 1344, 1344, 1344, 1344, 1440, 1344, 1152, 1440, 1152, 1248, 1248, 1248, 1152, 1344, 1248, 1248, 1248, 1248]
===============================================================================

===============================================================================
order of product 3 sent
===============================================================================

===============================================================================
updated parts buffer [1056, 1056, 1056, 1056, 1056, 1056, 1056, 1056, 1056, 1056, 1056, 1056, 1056, 1056, 1056, 1056, 1056, 1056, 1056, 1056, 1056, 1056, 1056, 1056, 1056, 1056, 1056, 1056, 1056, 1056, 1056, 1056, 1056, 1056, 1056, 1056, 1056, 1056, 1056, 1056, 1056, 1056, 1056, 1152, 1344, 1152, 1344, 1248, 1344, 1248, 1344, 1440, 1344, 1440, 1152, 1056, 1344, 1344, 1248, 1440, 1152, 1248, 1248, 1440, 1344, 1344, 1440, 1248, 1344, 1344, 1248, 1152, 1344, 1440, 1152, 1248, 1248, 1248, 1248, 1248, 1248, 1440, 1248, 1248, 1344, 1344, 1344, 1248, 1056, 1440, 1056, 1248, 1248, 1248, 1152, 1344, 1248, 1248, 1152, 1152]
===============================================================================

===============================================================================
day 6
===============================================================================

===============================================================================
parts buffer status on line 6:GREEN and buffer = [1056, 1056, 1056, 1056, 1056, 1056, 1056, 1056, 1056, 1056, 1056, 1056, 1056, 1056, 1056, 1056, 1056, 1056, 1056, 1056, 1056, 1056, 1056, 1056, 1056, 1056, 1056, 1056, 1056, 1056, 1056, 1056, 1056, 1056, 1056, 1056, 1056, 1056, 1056, 1056, 1056, 1056, 1056, 1152, 1344, 1152, 1344, 1248, 1344, 1248, 1344, 1440, 1344, 1440, 1152, 1056, 1344, 1344, 1248, 1440, 1152, 1248, 1248, 1440, 1344, 1344, 1440, 1248, 1344, 1344, 1248, 1152, 1344, 1440, 1152, 1248, 1248, 1248, 1248, 1248, 1248, 1440, 1248, 1248, 1344, 1344, 1344, 1248, 1056, 1440, 1056, 1248, 1248, 1248, 1152, 1344, 1248, 1248, 1152, 1152]
===============================================================================

===============================================================================
order of product 2 sent
===============================================================================

===============================================================================
updated parts buffer [960, 960, 960, 960, 960, 960, 960, 960, 960, 960, 960, 960, 960, 960, 960, 960, 960, 960, 960, 960, 960, 960, 960, 960, 960, 960, 960, 960, 960, 960, 960, 960, 960, 960, 960, 960, 960, 960, 960, 960, 960, 960, 960, 1056, 1344, 1152, 1344, 1248, 1344, 1152, 1248, 1440, 1344, 1440, 1056, 960, 1344, 1344, 1248, 1440, 1056, 1152, 1152, 1440, 1344, 1344, 1440, 1152, 1344, 1344, 1152, 1056, 1344, 1440, 1056, 1248, 1248, 1152, 1248, 1248, 1248, 1440, 1152, 1152, 1248, 1344, 1344, 1248, 960, 1440, 960, 1248, 1152, 1248, 1056, 1344, 1248, 1152, 1152, 1056]
===============================================================================

===============================================================================
day 7
===============================================================================

===============================================================================
parts buffer status on line 6:GREEN and buffer = [960, 960, 960, 960, 960, 960, 960, 960, 960, 960, 960, 960, 960, 960, 960, 960, 960, 960, 960, 960, 960, 960, 960, 960, 960, 960, 960, 960, 960, 960, 960, 960, 960, 960, 960, 960, 960, 960, 960, 960, 960, 960, 960, 1056, 1344, 1152, 1344, 1248, 1344, 1152, 1248, 1440, 1344, 1440, 1056, 960, 1344, 1344, 1248, 1440, 1056, 1152, 1152, 1440, 1344, 1344, 1440, 1152, 1344, 1344, 1152, 1056, 1344, 1440, 1056, 1248, 1248, 1152, 1248, 1248, 1248, 1440, 1152, 1152, 1248, 1344, 1344, 1248, 960, 1440, 960, 1248, 1152, 1248, 1056, 1344, 1248, 1152, 1152, 1056]
===============================================================================

===============================================================================
day 8
===============================================================================

===============================================================================
parts buffer status on line 6:GREEN and buffer = [960, 960, 960, 960, 960, 960, 960, 960, 960, 960, 960, 960, 960, 960, 960, 960, 960, 960, 960, 960, 960, 960, 960, 960, 960, 960, 960, 960, 960, 960, 960, 960, 960, 960, 960, 960, 960, 960, 960, 960, 960, 960, 960, 1056, 1344, 1152, 1344, 1248, 1344, 1152, 1248, 1440, 1344, 1440, 1056, 960, 1344, 1344, 1248, 1440, 1056, 1152, 1152, 1440, 1344, 1344, 1440, 1152, 1344, 1344, 1152, 1056, 1344, 1440, 1056, 1248, 1248, 1152, 1248, 1248, 1248, 1440, 1152, 1152, 1248, 1344, 1344, 1248, 960, 1440, 960, 1248, 1152, 1248, 1056, 1344, 1248, 1152, 1152, 1056]
===============================================================================

===============================================================================
order of product 2 sent
===============================================================================

===============================================================================
updated parts buffer [864, 864, 864, 864, 864, 864, 864, 864, 864, 864, 864, 864, 864, 864, 864, 864, 864, 864, 864, 864, 864, 864, 864, 864, 864, 864, 864, 864, 864, 864, 864, 864, 864, 864, 864, 864, 864, 864, 864, 864, 864, 864, 864, 960, 1344, 1152, 1344, 1248, 1344, 1056, 1152, 1440, 1344, 1440, 960, 864, 1344, 1344, 1248, 1440, 960, 1056, 1056, 1440, 1344, 1344, 1440, 1056, 1344, 1344, 1056, 960, 1344, 1440, 960, 1248, 1248, 1056, 1248, 1248, 1248, 1440, 1056, 1056, 1152, 1344, 1344, 1248, 864, 1440, 864, 1248, 1056, 1248, 960, 1344, 1248, 1056, 1152, 960]
===============================================================================

===============================================================================
day 9
===============================================================================

===============================================================================
parts buffer status on line 6:GREEN and buffer = [864, 864, 864, 864, 864, 864, 864, 864, 864, 864, 864, 864, 864, 864, 864, 864, 864, 864, 864, 864, 864, 864, 864, 864, 864, 864, 864, 864, 864, 864, 864, 864, 864, 864, 864, 864, 864, 864, 864, 864, 864, 864, 864, 960, 1344, 1152, 1344, 1248, 1344, 1056, 1152, 1440, 1344, 1440, 960, 864, 1344, 1344, 1248, 1440, 960, 1056, 1056, 1440, 1344, 1344, 1440, 1056, 1344, 1344, 1056, 960, 1344, 1440, 960, 1248, 1248, 1056, 1248, 1248, 1248, 1440, 1056, 1056, 1152, 1344, 1344, 1248, 864, 1440, 864, 1248, 1056, 1248, 960, 1344, 1248, 1056, 1152, 960]
===============================================================================

===============================================================================
order of product 3 sent
===============================================================================

===============================================================================
updated parts buffer [768, 768, 768, 768, 768, 768, 768, 768, 768, 768, 768, 768, 768, 768, 768, 768, 768, 768, 768, 768, 768, 768, 768, 768, 768, 768, 768, 768, 768, 768, 768, 768, 768, 768, 768, 768, 768, 768, 768, 768, 768, 768, 768, 960, 1344, 1056, 1344, 1152, 1344, 1056, 1152, 1440, 1344, 1440, 864, 768, 1344, 1344, 1152, 1440, 864, 960, 1056, 1440, 1248, 1248, 1440, 1056, 1248, 1248, 1056, 960, 1248, 1440, 864, 1152, 1152, 1056, 1248, 1152, 1152, 1440, 960, 960, 1152, 1344, 1248, 1152, 768, 1440, 768, 1248, 1056, 1248, 960, 1344, 1248, 1056, 1056, 864]
===============================================================================

===============================================================================
day 10
===============================================================================

===============================================================================
parts buffer status on line 6:GREEN and buffer = [768, 768, 768, 768, 768, 768, 768, 768, 768, 768, 768, 768, 768, 768, 768, 768, 768, 768, 768, 768, 768, 768, 768, 768, 768, 768, 768, 768, 768, 768, 768, 768, 768, 768, 768, 768, 768, 768, 768, 768, 768, 768, 768, 960, 1344, 1056, 1344, 1152, 1344, 1056, 1152, 1440, 1344, 1440, 864, 768, 1344, 1344, 1152, 1440, 864, 960, 1056, 1440, 1248, 1248, 1440, 1056, 1248, 1248, 1056, 960, 1248, 1440, 864, 1152, 1152, 1056, 1248, 1152, 1152, 1440, 960, 960, 1152, 1344, 1248, 1152, 768, 1440, 768, 1248, 1056, 1248, 960, 1344, 1248, 1056, 1056, 864]
===============================================================================

===============================================================================
order of product 1 sent
===============================================================================

===============================================================================
updated parts buffer [672, 672, 672, 672, 672, 672, 672, 672, 672, 672, 672, 672, 672, 672, 672, 672, 672, 672, 672, 672, 672, 672, 672, 672, 672, 672, 672, 672, 672, 672, 672, 672, 672, 672, 672, 672, 672, 672, 672, 672, 672, 672, 672, 864, 1344, 960, 1344, 1152, 1344, 1056, 1152, 1440, 1344, 1440, 768, 672, 1248, 1344, 1152, 1440, 768, 960, 1056, 1440, 1248, 1248, 1440, 1056, 1248, 1248, 960, 864, 1248, 1440, 864, 1152, 1056, 960, 1152, 1152, 1152, 1440, 960, 960, 1152, 1248, 1248, 1152, 672, 1440, 672, 1152, 960, 1152, 864, 1344, 1152, 1056, 960, 864]
===============================================================================

===============================================================================
day 11
===============================================================================

===============================================================================
parts buffer status on line 6:GREEN and buffer = [672, 672, 672, 672, 672, 672, 672, 672, 672, 672, 672, 672, 672, 672, 672, 672, 672, 672, 672, 672, 672, 672, 672, 672, 672, 672, 672, 672, 672, 672, 672, 672, 672, 672, 672, 672, 672, 672, 672, 672, 672, 672, 672, 864, 1344, 960, 1344, 1152, 1344, 1056, 1152, 1440, 1344, 1440, 768, 672, 1248, 1344, 1152, 1440, 768, 960, 1056, 1440, 1248, 1248, 1440, 1056, 1248, 1248, 960, 864, 1248, 1440, 864, 1152, 1056, 960, 1152, 1152, 1152, 1440, 960, 960, 1152, 1248, 1248, 1152, 672, 1440, 672, 1152, 960, 1152, 864, 1344, 1152, 1056, 960, 864]
===============================================================================

===============================================================================
order of product 4 sent
===============================================================================

===============================================================================
updated parts buffer [576, 576, 576, 576, 576, 576, 576, 576, 576, 576, 576, 576, 576, 576, 576, 576, 576, 576, 576, 576, 576, 576, 576, 576, 576, 576, 576, 576, 576, 576, 576, 576, 576, 576, 576, 576, 576, 576, 576, 576, 576, 576, 576, 768, 1248, 864, 1248, 1056, 1248, 960, 1152, 1440, 1248, 1440, 768, 576, 1248, 1248, 1056, 1440, 768, 960, 960, 1440, 1248, 1248, 1440, 960, 1248, 1248, 960, 768, 1248, 1440, 768, 1056, 1056, 960, 1056, 1056, 1056, 1440, 960, 960, 1152, 1248, 1248, 1056, 576, 1440, 576, 1056, 960, 1056, 768, 1248, 1056, 960, 864, 768]
===============================================================================

===============================================================================
day 12
===============================================================================

===============================================================================
parts buffer status on line 6:GREEN and buffer = [576, 576, 576, 576, 576, 576, 576, 576, 576, 576, 576, 576, 576, 576, 576, 576, 576, 576, 576, 576, 576, 576, 576, 576, 576, 576, 576, 576, 576, 576, 576, 576, 576, 576, 576, 576, 576, 576, 576, 576, 576, 576, 576, 768, 1248, 864, 1248, 1056, 1248, 960, 1152, 1440, 1248, 1440, 768, 576, 1248, 1248, 1056, 1440, 768, 960, 960, 1440, 1248, 1248, 1440, 960, 1248, 1248, 960, 768, 1248, 1440, 768, 1056, 1056, 960, 1056, 1056, 1056, 1440, 960, 960, 1152, 1248, 1248, 1056, 576, 1440, 576, 1056, 960, 1056, 768, 1248, 1056, 960, 864, 768]
===============================================================================

===============================================================================
order of product 1 sent
===============================================================================

===============================================================================
updated parts buffer [480, 480, 480, 480, 480, 480, 480, 480, 480, 480, 480, 480, 480, 480, 480, 480, 480, 480, 480, 480, 480, 480, 480, 480, 480, 480, 480, 480, 480, 480, 480, 480, 480, 480, 480, 480, 480, 480, 480, 480, 480, 480, 480, 672, 1248, 768, 1248, 1056, 1248, 960, 1152, 1440, 1248, 1440, 672, 480, 1152, 1248, 1056, 1440, 672, 960, 960, 1440, 1248, 1248, 1440, 960, 1248, 1248, 864, 672, 1248, 1440, 768, 1056, 960, 864, 960, 1056, 1056, 1440, 960, 960, 1152, 1152, 1248, 1056, 480, 1440, 480, 960, 864, 960, 672, 1248, 960, 960, 768, 768]
===============================================================================

===============================================================================
day 13
===============================================================================

===============================================================================
parts buffer status on line 6:GREEN and buffer = [480, 480, 480, 480, 480, 480, 480, 480, 480, 480, 480, 480, 480, 480, 480, 480, 480, 480, 480, 480, 480, 480, 480, 480, 480, 480, 480, 480, 480, 480, 480, 480, 480, 480, 480, 480, 480, 480, 480, 480, 480, 480, 480, 672, 1248, 768, 1248, 1056, 1248, 960, 1152, 1440, 1248, 1440, 672, 480, 1152, 1248, 1056, 1440, 672, 960, 960, 1440, 1248, 1248, 1440, 960, 1248, 1248, 864, 672, 1248, 1440, 768, 1056, 960, 864, 960, 1056, 1056, 1440, 960, 960, 1152, 1152, 1248, 1056, 480, 1440, 480, 960, 864, 960, 672, 1248, 960, 960, 768, 768]
===============================================================================

===============================================================================
order of product 1 sent
===============================================================================

===============================================================================
updated parts buffer [384, 384, 384, 384, 384, 384, 384, 384, 384, 384, 384, 384, 384, 384, 384, 384, 384, 384, 384, 384, 384, 384, 384, 384, 384, 384, 384, 384, 384, 384, 384, 384, 384, 384, 384, 384, 384, 384, 384, 384, 384, 384, 384, 576, 1248, 672, 1248, 1056, 1248, 960, 1152, 1440, 1248, 1440, 576, 384, 1056, 1248, 1056, 1440, 576, 960, 960, 1440, 1248, 1248, 1440, 960, 1248, 1248, 768, 576, 1248, 1440, 768, 1056, 864, 768, 864, 1056, 1056, 1440, 960, 960, 1152, 1056, 1248, 1056, 384, 1440, 384, 864, 768, 864, 576, 1248, 864, 960, 672, 768]
===============================================================================

===============================================================================
day 14
===============================================================================

===============================================================================
parts buffer status on line 6:GREEN and buffer = [384, 384, 384, 384, 384, 384, 384, 384, 384, 384, 384, 384, 384, 384, 384, 384, 384, 384, 384, 384, 384, 384, 384, 384, 384, 384, 384, 384, 384, 384, 384, 384, 384, 384, 384, 384, 384, 384, 384, 384, 384, 384, 384, 576, 1248, 672, 1248, 1056, 1248, 960, 1152, 1440, 1248, 1440, 576, 384, 1056, 1248, 1056, 1440, 576, 960, 960, 1440, 1248, 1248, 1440, 960, 1248, 1248, 768, 576, 1248, 1440, 768, 1056, 864, 768, 864, 1056, 1056, 1440, 960, 960, 1152, 1056, 1248, 1056, 384, 1440, 384, 864, 768, 864, 576, 1248, 864, 960, 672, 768]
===============================================================================

===============================================================================
order of product 2 sent
===============================================================================

===============================================================================
updated parts buffer [288, 288, 288, 288, 288, 288, 288, 288, 288, 288, 288, 288, 288, 288, 288, 288, 288, 288, 288, 288, 288, 288, 288, 288, 288, 288, 288, 288, 288, 288, 288, 288, 288, 288, 288, 288, 288, 288, 288, 288, 288, 288, 288, 480, 1248, 672, 1248, 1056, 1248, 864, 1056, 1440, 1248, 1440, 480, 288, 1056, 1248, 1056, 1440, 480, 864, 864, 1440, 1248, 1248, 1440, 864, 1248, 1248, 672, 480, 1248, 1440, 672, 1056, 864, 672, 864, 1056, 1056, 1440, 864, 864, 1056, 1056, 1248, 1056, 288, 1440, 288, 864, 672, 864, 480, 1248, 864, 864, 672, 672]
===============================================================================

===============================================================================
day 15
===============================================================================

===============================================================================
parts buffer status on line 6:GREEN and buffer = [288, 288, 288, 288, 288, 288, 288, 288, 288, 288, 288, 288, 288, 288, 288, 288, 288, 288, 288, 288, 288, 288, 288, 288, 288, 288, 288, 288, 288, 288, 288, 288, 288, 288, 288, 288, 288, 288, 288, 288, 288, 288, 288, 480, 1248, 672, 1248, 1056, 1248, 864, 1056, 1440, 1248, 1440, 480, 288, 1056, 1248, 1056, 1440, 480, 864, 864, 1440, 1248, 1248, 1440, 864, 1248, 1248, 672, 480, 1248, 1440, 672, 1056, 864, 672, 864, 1056, 1056, 1440, 864, 864, 1056, 1056, 1248, 1056, 288, 1440, 288, 864, 672, 864, 480, 1248, 864, 864, 672, 672]
===============================================================================

===============================================================================
order of product 3 sent
===============================================================================

===============================================================================
updated parts buffer [192, 192, 192, 192, 192, 192, 192, 192, 192, 192, 192, 192, 192, 192, 192, 192, 192, 192, 192, 192, 192, 192, 192, 192, 192, 192, 192, 192, 192, 192, 192, 192, 192, 192, 192, 192, 192, 192, 192, 192, 192, 192, 192, 480, 1248, 576, 1248, 960, 1248, 864, 1056, 1440, 1248, 1440, 384, 192, 1056, 1248, 960, 1440, 384, 768, 864, 1440, 1152, 1152, 1440, 864, 1152, 1152, 672, 480, 1152, 1440, 576, 960, 768, 672, 864, 960, 960, 1440, 768, 768, 1056, 1056, 1152, 960, 192, 1440, 192, 864, 672, 864, 480, 1248, 864, 864, 576, 576]
===============================================================================

===============================================================================
day 16
===============================================================================

===============================================================================
parts buffer status on line 6:YELLOW and buffer = [192, 192, 192, 192, 192, 192, 192, 192, 192, 192, 192, 192, 192, 192, 192, 192, 192, 192, 192, 192, 192, 192, 192, 192, 192, 192, 192, 192, 192, 192, 192, 192, 192, 192, 192, 192, 192, 192, 192, 192, 192, 192, 192, 480, 1248, 576, 1248, 960, 1248, 864, 1056, 1440, 1248, 1440, 384, 192, 1056, 1248, 960, 1440, 384, 768, 864, 1440, 1152, 1152, 1440, 864, 1152, 1152, 672, 480, 1152, 1440, 576, 960, 768, 672, 864, 960, 960, 1440, 768, 768, 1056, 1056, 1152, 960, 192, 1440, 192, 864, 672, 864, 480, 1248, 864, 864, 576, 576]
===============================================================================

===============================================================================
order of product 2 sent
===============================================================================

===============================================================================
updated parts buffer [96, 96, 96, 96, 96, 96, 96, 96, 96, 96, 96, 96, 96, 96, 96, 96, 96, 96, 96, 96, 96, 96, 96, 96, 96, 96, 96, 96, 96, 96, 96, 96, 96, 96, 96, 96, 96, 96, 96, 96, 96, 96, 96, 384, 1248, 576, 1248, 960, 1248, 768, 960, 1440, 1248, 1440, 288, 96, 1056, 1248, 960, 1440, 288, 672, 768, 1440, 1152, 1152, 1440, 768, 1152, 1152, 576, 384, 1152, 1440, 480, 960, 768, 576, 864, 960, 960, 1440, 672, 672, 960, 1056, 1152, 960, 96, 1440, 96, 864, 576, 864, 384, 1248, 864, 768, 576, 480]
===============================================================================

===============================================================================
day 17
===============================================================================

===============================================================================
parts buffer status on line 6:RED and buffer = [96, 96, 96, 96, 96, 96, 96, 96, 96, 96, 96, 96, 96, 96, 96, 96, 96, 96, 96, 96, 96, 96, 96, 96, 96, 96, 96, 96, 96, 96, 96, 96, 96, 96, 96, 96, 96, 96, 96, 96, 96, 96, 96, 384, 1248, 576, 1248, 960, 1248, 768, 960, 1440, 1248, 1440, 288, 96, 1056, 1248, 960, 1440, 288, 672, 768, 1440, 1152, 1152, 1440, 768, 1152, 1152, 576, 384, 1152, 1440, 480, 960, 768, 576, 864, 960, 960, 1440, 672, 672, 960, 1056, 1152, 960, 96, 1440, 96, 864, 576, 864, 384, 1248, 864, 768, 576, 480]
===============================================================================

===============================================================================
received parts! updated parts buffer [1536, 1536, 1536, 1536, 1536, 1536, 1536, 1536, 1536, 1536, 1536, 1536, 1536, 1536, 1536, 1536, 1536, 1536, 1536, 1536, 1536, 1536, 1536, 1536, 1536, 1536, 1536, 1536, 1536, 1536, 1536, 1536, 1536, 1536, 1536, 1536, 1536, 1536, 1536, 1536, 1536, 1536, 1536, 384, 1248, 576, 1248, 960, 1248, 768, 960, 1440, 1248, 1440, 288, 1536, 1056, 1248, 960, 1440, 288, 672, 768, 1440, 1152, 1152, 1440, 768, 1152, 1152, 576, 384, 1152, 1440, 480, 960, 768, 576, 864, 960, 960, 1440, 672, 672, 960, 1056, 1152, 960, 1536, 1440, 1536, 864, 576, 864, 384, 1248, 864, 768, 576, 480]
===============================================================================

===============================================================================
order of product 1 sent
===============================================================================

===============================================================================
updated parts buffer [1488, 1488, 1488, 1488, 1488, 1488, 1488, 1488, 1488, 1488, 1488, 1488, 1488, 1488, 1488, 1488, 1488, 1488, 1488, 1488, 1488, 1488, 1488, 1488, 1488, 1488, 1488, 1488, 1488, 1488, 1488, 1488, 1488, 1488, 1488, 1488, 1488, 1488, 1488, 1488, 1488, 1488, 1488, 336, 1248, 528, 1248, 960, 1248, 768, 960, 1440, 1248, 1440, 240, 1488, 1008, 1248, 960, 1440, 240, 672, 768, 1440, 1152, 1152, 1440, 768, 1152, 1152, 528, 336, 1152, 1440, 480, 960, 720, 528, 816, 960, 960, 1440, 672, 672, 960, 1008, 1152, 960, 1488, 1440, 1488, 816, 528, 816, 336, 1248, 816, 768, 528, 480]
===============================================================================

===============================================================================
day 18
===============================================================================

===============================================================================
parts buffer status on line 6:YELLOW and buffer = [1488, 1488, 1488, 1488, 1488, 1488, 1488, 1488, 1488, 1488, 1488, 1488, 1488, 1488, 1488, 1488, 1488, 1488, 1488, 1488, 1488, 1488, 1488, 1488, 1488, 1488, 1488, 1488, 1488, 1488, 1488, 1488, 1488, 1488, 1488, 1488, 1488, 1488, 1488, 1488, 1488, 1488, 1488, 336, 1248, 528, 1248, 960, 1248, 768, 960, 1440, 1248, 1440, 240, 1488, 1008, 1248, 960, 1440, 240, 672, 768, 1440, 1152, 1152, 1440, 768, 1152, 1152, 528, 336, 1152, 1440, 480, 960, 720, 528, 816, 960, 960, 1440, 672, 672, 960, 1008, 1152, 960, 1488, 1440, 1488, 816, 528, 816, 336, 1248, 816, 768, 528, 480]
===============================================================================

===============================================================================
order of product 3 sent
===============================================================================

===============================================================================
updated parts buffer [1392, 1392, 1392, 1392, 1392, 1392, 1392, 1392, 1392, 1392, 1392, 1392, 1392, 1392, 1392, 1392, 1392, 1392, 1392, 1392, 1392, 1392, 1392, 1392, 1392, 1392, 1392, 1392, 1392, 1392, 1392, 1392, 1392, 1392, 1392, 1392, 1392, 1392, 1392, 1392, 1392, 1392, 1392, 336, 1248, 432, 1248, 864, 1248, 768, 960, 1440, 1248, 1440, 144, 1392, 1008, 1248, 864, 1440, 144, 576, 768, 1440, 1056, 1056, 1440, 768, 1056, 1056, 528, 336, 1056, 1440, 384, 864, 624, 528, 816, 864, 864, 1440, 576, 576, 960, 1008, 1056, 864, 1392, 1440, 1392, 816, 528, 816, 336, 1248, 816, 768, 432, 384]
===============================================================================

===============================================================================
day 19
===============================================================================

===============================================================================
parts buffer status on line 6:YELLOW and buffer = [1392, 1392, 1392, 1392, 1392, 1392, 1392, 1392, 1392, 1392, 1392, 1392, 1392, 1392, 1392, 1392, 1392, 1392, 1392, 1392, 1392, 1392, 1392, 1392, 1392, 1392, 1392, 1392, 1392, 1392, 1392, 1392, 1392, 1392, 1392, 1392, 1392, 1392, 1392, 1392, 1392, 1392, 1392, 336, 1248, 432, 1248, 864, 1248, 768, 960, 1440, 1248, 1440, 144, 1392, 1008, 1248, 864, 1440, 144, 576, 768, 1440, 1056, 1056, 1440, 768, 1056, 1056, 528, 336, 1056, 1440, 384, 864, 624, 528, 816, 864, 864, 1440, 576, 576, 960, 1008, 1056, 864, 1392, 1440, 1392, 816, 528, 816, 336, 1248, 816, 768, 432, 384]
===============================================================================

===============================================================================
order of product 3 sent
===============================================================================

===============================================================================
updated parts buffer [1344, 1344, 1344, 1344, 1344, 1344, 1344, 1344, 1344, 1344, 1344, 1344, 1344, 1344, 1344, 1344, 1344, 1344, 1344, 1344, 1344, 1344, 1344, 1344, 1344, 1344, 1344, 1344, 1344, 1344, 1344, 1344, 1344, 1344, 1344, 1344, 1344, 1344, 1344, 1344, 1344, 1344, 1344, 336, 1248, 384, 1248, 816, 1248, 768, 960, 1440, 1248, 1440, 96, 1344, 1008, 1248, 816, 1440, 96, 528, 768, 1440, 1008, 1008, 1440, 768, 1008, 1008, 528, 336, 1008, 1440, 336, 816, 576, 528, 816, 816, 816, 1440, 528, 528, 960, 1008, 1008, 816, 1344, 1440, 1344, 816, 528, 816, 336, 1248, 816, 768, 384, 336]
===============================================================================

===============================================================================
day 20
===============================================================================

===============================================================================
parts buffer status on line 6:RED and buffer = [1344, 1344, 1344, 1344, 1344, 1344, 1344, 1344, 1344, 1344, 1344, 1344, 1344, 1344, 1344, 1344, 1344, 1344, 1344, 1344, 1344, 1344, 1344, 1344, 1344, 1344, 1344, 1344, 1344, 1344, 1344, 1344, 1344, 1344, 1344, 1344, 1344, 1344, 1344, 1344, 1344, 1344, 1344, 336, 1248, 384, 1248, 816, 1248, 768, 960, 1440, 1248, 1440, 96, 1344, 1008, 1248, 816, 1440, 96, 528, 768, 1440, 1008, 1008, 1440, 768, 1008, 1008, 528, 336, 1008, 1440, 336, 816, 576, 528, 816, 816, 816, 1440, 528, 528, 960, 1008, 1008, 816, 1344, 1440, 1344, 816, 528, 816, 336, 1248, 816, 768, 384, 336]
===============================================================================

===============================================================================
received parts! updated parts buffer [1344, 1344, 1344, 1344, 1344, 1344, 1344, 1344, 1344, 1344, 1344, 1344, 1344, 1344, 1344, 1344, 1344, 1344, 1344, 1344, 1344, 1344, 1344, 1344, 1344, 1344, 1344, 1344, 1344, 1344, 1344, 1344, 1344, 1344, 1344, 1344, 1344, 1344, 1344, 1344, 1344, 1344, 1344, 336, 1248, 384, 1248, 816, 1248, 768, 960, 1440, 1248, 1440, 1536, 1344, 1008, 1248, 816, 1440, 1536, 528, 768, 1440, 1008, 1008, 1440, 768, 1008, 1008, 528, 336, 1008, 1440, 336, 816, 576, 528, 816, 816, 816, 1440, 528, 528, 960, 1008, 1008, 816, 1344, 1440, 1344, 816, 528, 816, 336, 1248, 816, 768, 384, 336]
===============================================================================

===============================================================================
order of product 3 sent
===============================================================================

===============================================================================
updated parts buffer [1248, 1248, 1248, 1248, 1248, 1248, 1248, 1248, 1248, 1248, 1248, 1248, 1248, 1248, 1248, 1248, 1248, 1248, 1248, 1248, 1248, 1248, 1248, 1248, 1248, 1248, 1248, 1248, 1248, 1248, 1248, 1248, 1248, 1248, 1248, 1248, 1248, 1248, 1248, 1248, 1248, 1248, 1248, 336, 1248, 288, 1248, 720, 1248, 768, 960, 1440, 1248, 1440, 1440, 1248, 1008, 1248, 720, 1440, 1440, 432, 768, 1440, 912, 912, 1440, 768, 912, 912, 528, 336, 912, 1440, 240, 720, 480, 528, 816, 720, 720, 1440, 432, 432, 960, 1008, 912, 720, 1248, 1440, 1248, 816, 528, 816, 336, 1248, 816, 768, 288, 240]
===============================================================================

===============================================================================
day 21
===============================================================================

===============================================================================
parts buffer status on line 6:YELLOW and buffer = [1248, 1248, 1248, 1248, 1248, 1248, 1248, 1248, 1248, 1248, 1248, 1248, 1248, 1248, 1248, 1248, 1248, 1248, 1248, 1248, 1248, 1248, 1248, 1248, 1248, 1248, 1248, 1248, 1248, 1248, 1248, 1248, 1248, 1248, 1248, 1248, 1248, 1248, 1248, 1248, 1248, 1248, 1248, 336, 1248, 288, 1248, 720, 1248, 768, 960, 1440, 1248, 1440, 1440, 1248, 1008, 1248, 720, 1440, 1440, 432, 768, 1440, 912, 912, 1440, 768, 912, 912, 528, 336, 912, 1440, 240, 720, 480, 528, 816, 720, 720, 1440, 432, 432, 960, 1008, 912, 720, 1248, 1440, 1248, 816, 528, 816, 336, 1248, 816, 768, 288, 240]
===============================================================================

===============================================================================
order of product 3 sent
===============================================================================

===============================================================================
updated parts buffer [1200, 1200, 1200, 1200, 1200, 1200, 1200, 1200, 1200, 1200, 1200, 1200, 1200, 1200, 1200, 1200, 1200, 1200, 1200, 1200, 1200, 1200, 1200, 1200, 1200, 1200, 1200, 1200, 1200, 1200, 1200, 1200, 1200, 1200, 1200, 1200, 1200, 1200, 1200, 1200, 1200, 1200, 1200, 336, 1248, 240, 1248, 672, 1248, 768, 960, 1440, 1248, 1440, 1392, 1200, 1008, 1248, 672, 1440, 1392, 384, 768, 1440, 864, 864, 1440, 768, 864, 864, 528, 336, 864, 1440, 192, 672, 432, 528, 816, 672, 672, 1440, 384, 384, 960, 1008, 864, 672, 1200, 1440, 1200, 816, 528, 816, 336, 1248, 816, 768, 240, 192]
===============================================================================

===============================================================================
day 1
===============================================================================

===============================================================================
parts buffer status on line 6:RED and buffer = [0, 0, 0, 0, 0, 0, 0, 0, 0, 0, 0, 0, 0, 0, 0, 0, 0, 0, 0, 0, 0, 0, 0, 0, 0, 0, 0, 0, 0, 0, 0, 0, 0, 0, 0, 0, 0, 0, 0, 0, 0, 0, 0, 0, 0, 0, 0, 0, 0, 0, 0, 0, 0, 0, 0, 0, 0, 0, 0, 0, 0, 0, 0, 0, 0, 0, 0, 0, 0, 0, 0, 0, 0, 0, 0, 0, 0, 0, 0, 0, 0, 0, 0, 0, 0, 0, 0, 0, 0, 0, 0, 0, 0, 0, 0, 0, 0, 0, 0, 0]
===============================================================================

===============================================================================
day 2
===============================================================================

===============================================================================
parts buffer status on line 6:RED and buffer = [0, 0, 0, 0, 0, 0, 0, 0, 0, 0, 0, 0, 0, 0, 0, 0, 0, 0, 0, 0, 0, 0, 0, 0, 0, 0, 0, 0, 0, 0, 0, 0, 0, 0, 0, 0, 0, 0, 0, 0, 0, 0, 0, 0, 0, 0, 0, 0, 0, 0, 0, 0, 0, 0, 0, 0, 0, 0, 0, 0, 0, 0, 0, 0, 0, 0, 0, 0, 0, 0, 0, 0, 0, 0, 0, 0, 0, 0, 0, 0, 0, 0, 0, 0, 0, 0, 0, 0, 0, 0, 0, 0, 0, 0, 0, 0, 0, 0, 0, 0]
===============================================================================

===============================================================================
LINE 6 BROKE: LACK OF PART STOCK
===============================================================================

===============================================================================
day 3
===============================================================================

===============================================================================
parts buffer status on line 6:RED and buffer = [0, 0, 0, 0, 0, 0, 0, 0, 0, 0, 0, 0, 0, 0, 0, 0, 0, 0, 0, 0, 0, 0, 0, 0, 0, 0, 0, 0, 0, 0, 0, 0, 0, 0, 0, 0, 0, 0, 0, 0, 0, 0, 0, 0, 0, 0, 0, 0, 0, 0, 0, 0, 0, 0, 0, 0, 0, 0, 0, 0, 0, 0, 0, 0, 0, 0, 0, 0, 0, 0, 0, 0, 0, 0, 0, 0, 0, 0, 0, 0, 0, 0, 0, 0, 0, 0, 0, 0, 0, 0, 0, 0, 0, 0, 0, 0, 0, 0, 0, 0]
===============================================================================

===============================================================================
LINE 6 BROKE: LACK OF PART STOCK
===============================================================================

===============================================================================
day 4
===============================================================================

===============================================================================
parts buffer status on line 6:RED and buffer = [0, 0, 0, 0, 0, 0, 0, 0, 0, 0, 0, 0, 0, 0, 0, 0, 0, 0, 0, 0, 0, 0, 0, 0, 0, 0, 0, 0, 0, 0, 0, 0, 0, 0, 0, 0, 0, 0, 0, 0, 0, 0, 0, 0, 0, 0, 0, 0, 0, 0, 0, 0, 0, 0, 0, 0, 0, 0, 0, 0, 0, 0, 0, 0, 0, 0, 0, 0, 0, 0, 0, 0, 0, 0, 0, 0, 0, 0, 0, 0, 0, 0, 0, 0, 0, 0, 0, 0, 0, 0, 0, 0, 0, 0, 0, 0, 0, 0, 0, 0]
===============================================================================

===============================================================================
LINE 6 BROKE: LACK OF PART STOCK
===============================================================================

===============================================================================
day 5
===============================================================================

===============================================================================
parts buffer status on line 6:RED and buffer = [0, 0, 0, 0, 0, 0, 0, 0, 0, 0, 0, 0, 0, 0, 0, 0, 0, 0, 0, 0, 0, 0, 0, 0, 0, 0, 0, 0, 0, 0, 0, 0, 0, 0, 0, 0, 0, 0, 0, 0, 0, 0, 0, 0, 0, 0, 0, 0, 0, 0, 0, 0, 0, 0, 0, 0, 0, 0, 0, 0, 0, 0, 0, 0, 0, 0, 0, 0, 0, 0, 0, 0, 0, 0, 0, 0, 0, 0, 0, 0, 0, 0, 0, 0, 0, 0, 0, 0, 0, 0, 0, 0, 0, 0, 0, 0, 0, 0, 0, 0]
===============================================================================

===============================================================================
LINE 6 BROKE: LACK OF PART STOCK
===============================================================================

===============================================================================
day 6
===============================================================================

===============================================================================
parts buffer status on line 6:RED and buffer = [0, 0, 0, 0, 0, 0, 0, 0, 0, 0, 0, 0, 0, 0, 0, 0, 0, 0, 0, 0, 0, 0, 0, 0, 0, 0, 0, 0, 0, 0, 0, 0, 0, 0, 0, 0, 0, 0, 0, 0, 0, 0, 0, 0, 0, 0, 0, 0, 0, 0, 0, 0, 0, 0, 0, 0, 0, 0, 0, 0, 0, 0, 0, 0, 0, 0, 0, 0, 0, 0, 0, 0, 0, 0, 0, 0, 0, 0, 0, 0, 0, 0, 0, 0, 0, 0, 0, 0, 0, 0, 0, 0, 0, 0, 0, 0, 0, 0, 0, 0]
===============================================================================

===============================================================================
LINE 6 BROKE: LACK OF PART STOCK
===============================================================================

===============================================================================
day 7
===============================================================================

===============================================================================
parts buffer status on line 6:RED and buffer = [0, 0, 0, 0, 0, 0, 0, 0, 0, 0, 0, 0, 0, 0, 0, 0, 0, 0, 0, 0, 0, 0, 0, 0, 0, 0, 0, 0, 0, 0, 0, 0, 0, 0, 0, 0, 0, 0, 0, 0, 0, 0, 0, 0, 0, 0, 0, 0, 0, 0, 0, 0, 0, 0, 0, 0, 0, 0, 0, 0, 0, 0, 0, 0, 0, 0, 0, 0, 0, 0, 0, 0, 0, 0, 0, 0, 0, 0, 0, 0, 0, 0, 0, 0, 0, 0, 0, 0, 0, 0, 0, 0, 0, 0, 0, 0, 0, 0, 0, 0]
===============================================================================

===============================================================================
LINE 6 BROKE: LACK OF PART STOCK
===============================================================================

===============================================================================
day 8
===============================================================================

===============================================================================
parts buffer status on line 6:RED and buffer = [0, 0, 0, 0, 0, 0, 0, 0, 0, 0, 0, 0, 0, 0, 0, 0, 0, 0, 0, 0, 0, 0, 0, 0, 0, 0, 0, 0, 0, 0, 0, 0, 0, 0, 0, 0, 0, 0, 0, 0, 0, 0, 0, 0, 0, 0, 0, 0, 0, 0, 0, 0, 0, 0, 0, 0, 0, 0, 0, 0, 0, 0, 0, 0, 0, 0, 0, 0, 0, 0, 0, 0, 0, 0, 0, 0, 0, 0, 0, 0, 0, 0, 0, 0, 0, 0, 0, 0, 0, 0, 0, 0, 0, 0, 0, 0, 0, 0, 0, 0]
===============================================================================

===============================================================================
LINE 6 BROKE: LACK OF PART STOCK
===============================================================================

===============================================================================
day 9
===============================================================================

===============================================================================
parts buffer status on line 6:RED and buffer = [0, 0, 0, 0, 0, 0, 0, 0, 0, 0, 0, 0, 0, 0, 0, 0, 0, 0, 0, 0, 0, 0, 0, 0, 0, 0, 0, 0, 0, 0, 0, 0, 0, 0, 0, 0, 0, 0, 0, 0, 0, 0, 0, 0, 0, 0, 0, 0, 0, 0, 0, 0, 0, 0, 0, 0, 0, 0, 0, 0, 0, 0, 0, 0, 0, 0, 0, 0, 0, 0, 0, 0, 0, 0, 0, 0, 0, 0, 0, 0, 0, 0, 0, 0, 0, 0, 0, 0, 0, 0, 0, 0, 0, 0, 0, 0, 0, 0, 0, 0]
===============================================================================

===============================================================================
LINE 6 BROKE: LACK OF PART STOCK
===============================================================================

===============================================================================
day 10
===============================================================================

===============================================================================
parts buffer status on line 6:RED and buffer = [0, 0, 0, 0, 0, 0, 0, 0, 0, 0, 0, 0, 0, 0, 0, 0, 0, 0, 0, 0, 0, 0, 0, 0, 0, 0, 0, 0, 0, 0, 0, 0, 0, 0, 0, 0, 0, 0, 0, 0, 0, 0, 0, 0, 0, 0, 0, 0, 0, 0, 0, 0, 0, 0, 0, 0, 0, 0, 0, 0, 0, 0, 0, 0, 0, 0, 0, 0, 0, 0, 0, 0, 0, 0, 0, 0, 0, 0, 0, 0, 0, 0, 0, 0, 0, 0, 0, 0, 0, 0, 0, 0, 0, 0, 0, 0, 0, 0, 0, 0]
===============================================================================

===============================================================================
LINE 6 BROKE: LACK OF PART STOCK
===============================================================================

===============================================================================
day 11
===============================================================================

===============================================================================
parts buffer status on line 6:RED and buffer = [0, 0, 0, 0, 0, 0, 0, 0, 0, 0, 0, 0, 0, 0, 0, 0, 0, 0, 0, 0, 0, 0, 0, 0, 0, 0, 0, 0, 0, 0, 0, 0, 0, 0, 0, 0, 0, 0, 0, 0, 0, 0, 0, 0, 0, 0, 0, 0, 0, 0, 0, 0, 0, 0, 0, 0, 0, 0, 0, 0, 0, 0, 0, 0, 0, 0, 0, 0, 0, 0, 0, 0, 0, 0, 0, 0, 0, 0, 0, 0, 0, 0, 0, 0, 0, 0, 0, 0, 0, 0, 0, 0, 0, 0, 0, 0, 0, 0, 0, 0]
===============================================================================

===============================================================================
LINE 6 BROKE: LACK OF PART STOCK
===============================================================================

===============================================================================
day 12
===============================================================================

===============================================================================
parts buffer status on line 6:RED and buffer = [0, 0, 0, 0, 0, 0, 0, 0, 0, 0, 0, 0, 0, 0, 0, 0, 0, 0, 0, 0, 0, 0, 0, 0, 0, 0, 0, 0, 0, 0, 0, 0, 0, 0, 0, 0, 0, 0, 0, 0, 0, 0, 0, 0, 0, 0, 0, 0, 0, 0, 0, 0, 0, 0, 0, 0, 0, 0, 0, 0, 0, 0, 0, 0, 0, 0, 0, 0, 0, 0, 0, 0, 0, 0, 0, 0, 0, 0, 0, 0, 0, 0, 0, 0, 0, 0, 0, 0, 0, 0, 0, 0, 0, 0, 0, 0, 0, 0, 0, 0]
===============================================================================

===============================================================================
LINE 6 BROKE: LACK OF PART STOCK
===============================================================================

===============================================================================
day 13
===============================================================================

===============================================================================
parts buffer status on line 6:RED and buffer = [0, 0, 0, 0, 0, 0, 0, 0, 0, 0, 0, 0, 0, 0, 0, 0, 0, 0, 0, 0, 0, 0, 0, 0, 0, 0, 0, 0, 0, 0, 0, 0, 0, 0, 0, 0, 0, 0, 0, 0, 0, 0, 0, 0, 0, 0, 0, 0, 0, 0, 0, 0, 0, 0, 0, 0, 0, 0, 0, 0, 0, 0, 0, 0, 0, 0, 0, 0, 0, 0, 0, 0, 0, 0, 0, 0, 0, 0, 0, 0, 0, 0, 0, 0, 0, 0, 0, 0, 0, 0, 0, 0, 0, 0, 0, 0, 0, 0, 0, 0]
===============================================================================

===============================================================================
LINE 6 BROKE: LACK OF PART STOCK
===============================================================================

===============================================================================
day 14
===============================================================================

===============================================================================
parts buffer status on line 6:RED and buffer = [0, 0, 0, 0, 0, 0, 0, 0, 0, 0, 0, 0, 0, 0, 0, 0, 0, 0, 0, 0, 0, 0, 0, 0, 0, 0, 0, 0, 0, 0, 0, 0, 0, 0, 0, 0, 0, 0, 0, 0, 0, 0, 0, 0, 0, 0, 0, 0, 0, 0, 0, 0, 0, 0, 0, 0, 0, 0, 0, 0, 0, 0, 0, 0, 0, 0, 0, 0, 0, 0, 0, 0, 0, 0, 0, 0, 0, 0, 0, 0, 0, 0, 0, 0, 0, 0, 0, 0, 0, 0, 0, 0, 0, 0, 0, 0, 0, 0, 0, 0]
===============================================================================

===============================================================================
LINE 6 BROKE: LACK OF PART STOCK
===============================================================================

===============================================================================
day 15
===============================================================================

===============================================================================
parts buffer status on line 6:RED and buffer = [0, 0, 0, 0, 0, 0, 0, 0, 0, 0, 0, 0, 0, 0, 0, 0, 0, 0, 0, 0, 0, 0, 0, 0, 0, 0, 0, 0, 0, 0, 0, 0, 0, 0, 0, 0, 0, 0, 0, 0, 0, 0, 0, 0, 0, 0, 0, 0, 0, 0, 0, 0, 0, 0, 0, 0, 0, 0, 0, 0, 0, 0, 0, 0, 0, 0, 0, 0, 0, 0, 0, 0, 0, 0, 0, 0, 0, 0, 0, 0, 0, 0, 0, 0, 0, 0, 0, 0, 0, 0, 0, 0, 0, 0, 0, 0, 0, 0, 0, 0]
===============================================================================

===============================================================================
LINE 6 BROKE: LACK OF PART STOCK
===============================================================================

===============================================================================
day 16
===============================================================================

===============================================================================
parts buffer status on line 6:RED and buffer = [0, 0, 0, 0, 0, 0, 0, 0, 0, 0, 0, 0, 0, 0, 0, 0, 0, 0, 0, 0, 0, 0, 0, 0, 0, 0, 0, 0, 0, 0, 0, 0, 0, 0, 0, 0, 0, 0, 0, 0, 0, 0, 0, 0, 0, 0, 0, 0, 0, 0, 0, 0, 0, 0, 0, 0, 0, 0, 0, 0, 0, 0, 0, 0, 0, 0, 0, 0, 0, 0, 0, 0, 0, 0, 0, 0, 0, 0, 0, 0, 0, 0, 0, 0, 0, 0, 0, 0, 0, 0, 0, 0, 0, 0, 0, 0, 0, 0, 0, 0]
===============================================================================

===============================================================================
LINE 6 BROKE: LACK OF PART STOCK
===============================================================================

===============================================================================
day 17
===============================================================================

===============================================================================
parts buffer status on line 6:RED and buffer = [0, 0, 0, 0, 0, 0, 0, 0, 0, 0, 0, 0, 0, 0, 0, 0, 0, 0, 0, 0, 0, 0, 0, 0, 0, 0, 0, 0, 0, 0, 0, 0, 0, 0, 0, 0, 0, 0, 0, 0, 0, 0, 0, 0, 0, 0, 0, 0, 0, 0, 0, 0, 0, 0, 0, 0, 0, 0, 0, 0, 0, 0, 0, 0, 0, 0, 0, 0, 0, 0, 0, 0, 0, 0, 0, 0, 0, 0, 0, 0, 0, 0, 0, 0, 0, 0, 0, 0, 0, 0, 0, 0, 0, 0, 0, 0, 0, 0, 0, 0]
===============================================================================

===============================================================================
LINE 6 BROKE: LACK OF PART STOCK
===============================================================================

===============================================================================
day 18
===============================================================================

===============================================================================
parts buffer status on line 6:RED and buffer = [0, 0, 0, 0, 0, 0, 0, 0, 0, 0, 0, 0, 0, 0, 0, 0, 0, 0, 0, 0, 0, 0, 0, 0, 0, 0, 0, 0, 0, 0, 0, 0, 0, 0, 0, 0, 0, 0, 0, 0, 0, 0, 0, 0, 0, 0, 0, 0, 0, 0, 0, 0, 0, 0, 0, 0, 0, 0, 0, 0, 0, 0, 0, 0, 0, 0, 0, 0, 0, 0, 0, 0, 0, 0, 0, 0, 0, 0, 0, 0, 0, 0, 0, 0, 0, 0, 0, 0, 0, 0, 0, 0, 0, 0, 0, 0, 0, 0, 0, 0]
===============================================================================

===============================================================================
LINE 6 BROKE: LACK OF PART STOCK
===============================================================================
