
===============================================================================
day 1
===============================================================================

===============================================================================
parts buffer status on line 3:RED and buffer = [0, 0, 0, 0, 0, 0, 0, 0, 0, 0, 0, 0, 0, 0, 0, 0, 0, 0, 0, 0, 0, 0, 0, 0, 0, 0, 0, 0, 0, 0, 0, 0, 0, 0, 0, 0, 0, 0, 0, 0, 0, 0, 0, 0, 0, 0, 0, 0, 0, 0, 0, 0, 0, 0, 0, 0, 0, 0, 0, 0, 0, 0, 0, 0, 0, 0, 0, 0, 0, 0, 0, 0, 0, 0, 0, 0, 0, 0, 0, 0, 0, 0, 0, 0, 0, 0, 0, 0, 0, 0, 0, 0, 0, 0, 0, 0, 0, 0, 0, 0]
===============================================================================

===============================================================================
LINE 3 BROKE: LACK OF PART STOCK
===============================================================================

===============================================================================
day 2
===============================================================================

===============================================================================
parts buffer status on line 3:RED and buffer = [0, 0, 0, 0, 0, 0, 0, 0, 0, 0, 0, 0, 0, 0, 0, 0, 0, 0, 0, 0, 0, 0, 0, 0, 0, 0, 0, 0, 0, 0, 0, 0, 0, 0, 0, 0, 0, 0, 0, 0, 0, 0, 0, 0, 0, 0, 0, 0, 0, 0, 0, 0, 0, 0, 0, 0, 0, 0, 0, 0, 0, 0, 0, 0, 0, 0, 0, 0, 0, 0, 0, 0, 0, 0, 0, 0, 0, 0, 0, 0, 0, 0, 0, 0, 0, 0, 0, 0, 0, 0, 0, 0, 0, 0, 0, 0, 0, 0, 0, 0]
===============================================================================

===============================================================================
LINE 3 BROKE: LACK OF PART STOCK
===============================================================================

===============================================================================
day 3
===============================================================================

===============================================================================
parts buffer status on line 3:RED and buffer = [0, 0, 0, 0, 0, 0, 0, 0, 0, 0, 0, 0, 0, 0, 0, 0, 0, 0, 0, 0, 0, 0, 0, 0, 0, 0, 0, 0, 0, 0, 0, 0, 0, 0, 0, 0, 0, 0, 0, 0, 0, 0, 0, 0, 0, 0, 0, 0, 0, 0, 0, 0, 0, 0, 0, 0, 0, 0, 0, 0, 0, 0, 0, 0, 0, 0, 0, 0, 0, 0, 0, 0, 0, 0, 0, 0, 0, 0, 0, 0, 0, 0, 0, 0, 0, 0, 0, 0, 0, 0, 0, 0, 0, 0, 0, 0, 0, 0, 0, 0]
===============================================================================

===============================================================================
LINE 3 BROKE: LACK OF PART STOCK
===============================================================================

===============================================================================
day 4
===============================================================================

===============================================================================
parts buffer status on line 3:RED and buffer = [0, 0, 0, 0, 0, 0, 0, 0, 0, 0, 0, 0, 0, 0, 0, 0, 0, 0, 0, 0, 0, 0, 0, 0, 0, 0, 0, 0, 0, 0, 0, 0, 0, 0, 0, 0, 0, 0, 0, 0, 0, 0, 0, 0, 0, 0, 0, 0, 0, 0, 0, 0, 0, 0, 0, 0, 0, 0, 0, 0, 0, 0, 0, 0, 0, 0, 0, 0, 0, 0, 0, 0, 0, 0, 0, 0, 0, 0, 0, 0, 0, 0, 0, 0, 0, 0, 0, 0, 0, 0, 0, 0, 0, 0, 0, 0, 0, 0, 0, 0]
===============================================================================

===============================================================================
LINE 3 BROKE: LACK OF PART STOCK
===============================================================================

===============================================================================
day 5
===============================================================================

===============================================================================
parts buffer status on line 3:RED and buffer = [0, 0, 0, 0, 0, 0, 0, 0, 0, 0, 0, 0, 0, 0, 0, 0, 0, 0, 0, 0, 0, 0, 0, 0, 0, 0, 0, 0, 0, 0, 0, 0, 0, 0, 0, 0, 0, 0, 0, 0, 0, 0, 0, 0, 0, 0, 0, 0, 0, 0, 0, 0, 0, 0, 0, 0, 0, 0, 0, 0, 0, 0, 0, 0, 0, 0, 0, 0, 0, 0, 0, 0, 0, 0, 0, 0, 0, 0, 0, 0, 0, 0, 0, 0, 0, 0, 0, 0, 0, 0, 0, 0, 0, 0, 0, 0, 0, 0, 0, 0]
===============================================================================

===============================================================================
LINE 3 BROKE: LACK OF PART STOCK
===============================================================================

===============================================================================
day 6
===============================================================================

===============================================================================
parts buffer status on line 3:RED and buffer = [0, 0, 0, 0, 0, 0, 0, 0, 0, 0, 0, 0, 0, 0, 0, 0, 0, 0, 0, 0, 0, 0, 0, 0, 0, 0, 0, 0, 0, 0, 0, 0, 0, 0, 0, 0, 0, 0, 0, 0, 0, 0, 0, 0, 0, 0, 0, 0, 0, 0, 0, 0, 0, 0, 0, 0, 0, 0, 0, 0, 0, 0, 0, 0, 0, 0, 0, 0, 0, 0, 0, 0, 0, 0, 0, 0, 0, 0, 0, 0, 0, 0, 0, 0, 0, 0, 0, 0, 0, 0, 0, 0, 0, 0, 0, 0, 0, 0, 0, 0]
===============================================================================

===============================================================================
LINE 3 BROKE: LACK OF PART STOCK
===============================================================================

===============================================================================
day 7
===============================================================================

===============================================================================
parts buffer status on line 3:RED and buffer = [0, 0, 0, 0, 0, 0, 0, 0, 0, 0, 0, 0, 0, 0, 0, 0, 0, 0, 0, 0, 0, 0, 0, 0, 0, 0, 0, 0, 0, 0, 0, 0, 0, 0, 0, 0, 0, 0, 0, 0, 0, 0, 0, 0, 0, 0, 0, 0, 0, 0, 0, 0, 0, 0, 0, 0, 0, 0, 0, 0, 0, 0, 0, 0, 0, 0, 0, 0, 0, 0, 0, 0, 0, 0, 0, 0, 0, 0, 0, 0, 0, 0, 0, 0, 0, 0, 0, 0, 0, 0, 0, 0, 0, 0, 0, 0, 0, 0, 0, 0]
===============================================================================

===============================================================================
LINE 3 BROKE: LACK OF PART STOCK
===============================================================================

===============================================================================
day 8
===============================================================================

===============================================================================
parts buffer status on line 3:RED and buffer = [0, 0, 0, 0, 0, 0, 0, 0, 0, 0, 0, 0, 0, 0, 0, 0, 0, 0, 0, 0, 0, 0, 0, 0, 0, 0, 0, 0, 0, 0, 0, 0, 0, 0, 0, 0, 0, 0, 0, 0, 0, 0, 0, 0, 0, 0, 0, 0, 0, 0, 0, 0, 0, 0, 0, 0, 0, 0, 0, 0, 0, 0, 0, 0, 0, 0, 0, 0, 0, 0, 0, 0, 0, 0, 0, 0, 0, 0, 0, 0, 0, 0, 0, 0, 0, 0, 0, 0, 0, 0, 0, 0, 0, 0, 0, 0, 0, 0, 0, 0]
===============================================================================

===============================================================================
LINE 3 BROKE: LACK OF PART STOCK
===============================================================================

===============================================================================
day 9
===============================================================================

===============================================================================
parts buffer status on line 3:RED and buffer = [0, 0, 0, 0, 0, 0, 0, 0, 0, 0, 0, 0, 0, 0, 0, 0, 0, 0, 0, 0, 0, 0, 0, 0, 0, 0, 0, 0, 0, 0, 0, 0, 0, 0, 0, 0, 0, 0, 0, 0, 0, 0, 0, 0, 0, 0, 0, 0, 0, 0, 0, 0, 0, 0, 0, 0, 0, 0, 0, 0, 0, 0, 0, 0, 0, 0, 0, 0, 0, 0, 0, 0, 0, 0, 0, 0, 0, 0, 0, 0, 0, 0, 0, 0, 0, 0, 0, 0, 0, 0, 0, 0, 0, 0, 0, 0, 0, 0, 0, 0]
===============================================================================

===============================================================================
LINE 3 BROKE: LACK OF PART STOCK
===============================================================================

===============================================================================
day 10
===============================================================================

===============================================================================
parts buffer status on line 3:RED and buffer = [0, 0, 0, 0, 0, 0, 0, 0, 0, 0, 0, 0, 0, 0, 0, 0, 0, 0, 0, 0, 0, 0, 0, 0, 0, 0, 0, 0, 0, 0, 0, 0, 0, 0, 0, 0, 0, 0, 0, 0, 0, 0, 0, 0, 0, 0, 0, 0, 0, 0, 0, 0, 0, 0, 0, 0, 0, 0, 0, 0, 0, 0, 0, 0, 0, 0, 0, 0, 0, 0, 0, 0, 0, 0, 0, 0, 0, 0, 0, 0, 0, 0, 0, 0, 0, 0, 0, 0, 0, 0, 0, 0, 0, 0, 0, 0, 0, 0, 0, 0]
===============================================================================

===============================================================================
LINE 3 BROKE: LACK OF PART STOCK
===============================================================================

===============================================================================
day 11
===============================================================================

===============================================================================
parts buffer status on line 3:RED and buffer = [0, 0, 0, 0, 0, 0, 0, 0, 0, 0, 0, 0, 0, 0, 0, 0, 0, 0, 0, 0, 0, 0, 0, 0, 0, 0, 0, 0, 0, 0, 0, 0, 0, 0, 0, 0, 0, 0, 0, 0, 0, 0, 0, 0, 0, 0, 0, 0, 0, 0, 0, 0, 0, 0, 0, 0, 0, 0, 0, 0, 0, 0, 0, 0, 0, 0, 0, 0, 0, 0, 0, 0, 0, 0, 0, 0, 0, 0, 0, 0, 0, 0, 0, 0, 0, 0, 0, 0, 0, 0, 0, 0, 0, 0, 0, 0, 0, 0, 0, 0]
===============================================================================

===============================================================================
LINE 3 BROKE: LACK OF PART STOCK
===============================================================================

===============================================================================
day 12
===============================================================================

===============================================================================
parts buffer status on line 3:RED and buffer = [0, 0, 0, 0, 0, 0, 0, 0, 0, 0, 0, 0, 0, 0, 0, 0, 0, 0, 0, 0, 0, 0, 0, 0, 0, 0, 0, 0, 0, 0, 0, 0, 0, 0, 0, 0, 0, 0, 0, 0, 0, 0, 0, 0, 0, 0, 0, 0, 0, 0, 0, 0, 0, 0, 0, 0, 0, 0, 0, 0, 0, 0, 0, 0, 0, 0, 0, 0, 0, 0, 0, 0, 0, 0, 0, 0, 0, 0, 0, 0, 0, 0, 0, 0, 0, 0, 0, 0, 0, 0, 0, 0, 0, 0, 0, 0, 0, 0, 0, 0]
===============================================================================

===============================================================================
LINE 3 BROKE: LACK OF PART STOCK
===============================================================================

===============================================================================
day 13
===============================================================================

===============================================================================
parts buffer status on line 3:RED and buffer = [0, 0, 0, 0, 0, 0, 0, 0, 0, 0, 0, 0, 0, 0, 0, 0, 0, 0, 0, 0, 0, 0, 0, 0, 0, 0, 0, 0, 0, 0, 0, 0, 0, 0, 0, 0, 0, 0, 0, 0, 0, 0, 0, 0, 0, 0, 0, 0, 0, 0, 0, 0, 0, 0, 0, 0, 0, 0, 0, 0, 0, 0, 0, 0, 0, 0, 0, 0, 0, 0, 0, 0, 0, 0, 0, 0, 0, 0, 0, 0, 0, 0, 0, 0, 0, 0, 0, 0, 0, 0, 0, 0, 0, 0, 0, 0, 0, 0, 0, 0]
===============================================================================

===============================================================================
LINE 3 BROKE: LACK OF PART STOCK
===============================================================================

===============================================================================
day 14
===============================================================================

===============================================================================
parts buffer status on line 3:RED and buffer = [0, 0, 0, 0, 0, 0, 0, 0, 0, 0, 0, 0, 0, 0, 0, 0, 0, 0, 0, 0, 0, 0, 0, 0, 0, 0, 0, 0, 0, 0, 0, 0, 0, 0, 0, 0, 0, 0, 0, 0, 0, 0, 0, 0, 0, 0, 0, 0, 0, 0, 0, 0, 0, 0, 0, 0, 0, 0, 0, 0, 0, 0, 0, 0, 0, 0, 0, 0, 0, 0, 0, 0, 0, 0, 0, 0, 0, 0, 0, 0, 0, 0, 0, 0, 0, 0, 0, 0, 0, 0, 0, 0, 0, 0, 0, 0, 0, 0, 0, 0]
===============================================================================

===============================================================================
LINE 3 BROKE: LACK OF PART STOCK
===============================================================================

===============================================================================
day 15
===============================================================================

===============================================================================
parts buffer status on line 3:RED and buffer = [0, 0, 0, 0, 0, 0, 0, 0, 0, 0, 0, 0, 0, 0, 0, 0, 0, 0, 0, 0, 0, 0, 0, 0, 0, 0, 0, 0, 0, 0, 0, 0, 0, 0, 0, 0, 0, 0, 0, 0, 0, 0, 0, 0, 0, 0, 0, 0, 0, 0, 0, 0, 0, 0, 0, 0, 0, 0, 0, 0, 0, 0, 0, 0, 0, 0, 0, 0, 0, 0, 0, 0, 0, 0, 0, 0, 0, 0, 0, 0, 0, 0, 0, 0, 0, 0, 0, 0, 0, 0, 0, 0, 0, 0, 0, 0, 0, 0, 0, 0]
===============================================================================

===============================================================================
LINE 3 BROKE: LACK OF PART STOCK
===============================================================================

===============================================================================
day 16
===============================================================================

===============================================================================
parts buffer status on line 3:RED and buffer = [0, 0, 0, 0, 0, 0, 0, 0, 0, 0, 0, 0, 0, 0, 0, 0, 0, 0, 0, 0, 0, 0, 0, 0, 0, 0, 0, 0, 0, 0, 0, 0, 0, 0, 0, 0, 0, 0, 0, 0, 0, 0, 0, 0, 0, 0, 0, 0, 0, 0, 0, 0, 0, 0, 0, 0, 0, 0, 0, 0, 0, 0, 0, 0, 0, 0, 0, 0, 0, 0, 0, 0, 0, 0, 0, 0, 0, 0, 0, 0, 0, 0, 0, 0, 0, 0, 0, 0, 0, 0, 0, 0, 0, 0, 0, 0, 0, 0, 0, 0]
===============================================================================

===============================================================================
LINE 3 BROKE: LACK OF PART STOCK
===============================================================================

===============================================================================
day 17
===============================================================================

===============================================================================
parts buffer status on line 3:RED and buffer = [0, 0, 0, 0, 0, 0, 0, 0, 0, 0, 0, 0, 0, 0, 0, 0, 0, 0, 0, 0, 0, 0, 0, 0, 0, 0, 0, 0, 0, 0, 0, 0, 0, 0, 0, 0, 0, 0, 0, 0, 0, 0, 0, 0, 0, 0, 0, 0, 0, 0, 0, 0, 0, 0, 0, 0, 0, 0, 0, 0, 0, 0, 0, 0, 0, 0, 0, 0, 0, 0, 0, 0, 0, 0, 0, 0, 0, 0, 0, 0, 0, 0, 0, 0, 0, 0, 0, 0, 0, 0, 0, 0, 0, 0, 0, 0, 0, 0, 0, 0]
===============================================================================

===============================================================================
LINE 3 BROKE: LACK OF PART STOCK
===============================================================================

===============================================================================
day 18
===============================================================================

===============================================================================
parts buffer status on line 3:RED and buffer = [0, 0, 0, 0, 0, 0, 0, 0, 0, 0, 0, 0, 0, 0, 0, 0, 0, 0, 0, 0, 0, 0, 0, 0, 0, 0, 0, 0, 0, 0, 0, 0, 0, 0, 0, 0, 0, 0, 0, 0, 0, 0, 0, 0, 0, 0, 0, 0, 0, 0, 0, 0, 0, 0, 0, 0, 0, 0, 0, 0, 0, 0, 0, 0, 0, 0, 0, 0, 0, 0, 0, 0, 0, 0, 0, 0, 0, 0, 0, 0, 0, 0, 0, 0, 0, 0, 0, 0, 0, 0, 0, 0, 0, 0, 0, 0, 0, 0, 0, 0]
===============================================================================

===============================================================================
LINE 3 BROKE: LACK OF PART STOCK
===============================================================================

===============================================================================
day 19
===============================================================================

===============================================================================
parts buffer status on line 3:RED and buffer = [0, 0, 0, 0, 0, 0, 0, 0, 0, 0, 0, 0, 0, 0, 0, 0, 0, 0, 0, 0, 0, 0, 0, 0, 0, 0, 0, 0, 0, 0, 0, 0, 0, 0, 0, 0, 0, 0, 0, 0, 0, 0, 0, 0, 0, 0, 0, 0, 0, 0, 0, 0, 0, 0, 0, 0, 0, 0, 0, 0, 0, 0, 0, 0, 0, 0, 0, 0, 0, 0, 0, 0, 0, 0, 0, 0, 0, 0, 0, 0, 0, 0, 0, 0, 0, 0, 0, 0, 0, 0, 0, 0, 0, 0, 0, 0, 0, 0, 0, 0]
===============================================================================

===============================================================================
LINE 3 BROKE: LACK OF PART STOCK
===============================================================================

===============================================================================
day 20
===============================================================================

===============================================================================
parts buffer status on line 3:RED and buffer = [0, 0, 0, 0, 0, 0, 0, 0, 0, 0, 0, 0, 0, 0, 0, 0, 0, 0, 0, 0, 0, 0, 0, 0, 0, 0, 0, 0, 0, 0, 0, 0, 0, 0, 0, 0, 0, 0, 0, 0, 0, 0, 0, 0, 0, 0, 0, 0, 0, 0, 0, 0, 0, 0, 0, 0, 0, 0, 0, 0, 0, 0, 0, 0, 0, 0, 0, 0, 0, 0, 0, 0, 0, 0, 0, 0, 0, 0, 0, 0, 0, 0, 0, 0, 0, 0, 0, 0, 0, 0, 0, 0, 0, 0, 0, 0, 0, 0, 0, 0]
===============================================================================

===============================================================================
LINE 3 BROKE: LACK OF PART STOCK
===============================================================================

===============================================================================
day 21
===============================================================================

===============================================================================
parts buffer status on line 3:RED and buffer = [0, 0, 0, 0, 0, 0, 0, 0, 0, 0, 0, 0, 0, 0, 0, 0, 0, 0, 0, 0, 0, 0, 0, 0, 0, 0, 0, 0, 0, 0, 0, 0, 0, 0, 0, 0, 0, 0, 0, 0, 0, 0, 0, 0, 0, 0, 0, 0, 0, 0, 0, 0, 0, 0, 0, 0, 0, 0, 0, 0, 0, 0, 0, 0, 0, 0, 0, 0, 0, 0, 0, 0, 0, 0, 0, 0, 0, 0, 0, 0, 0, 0, 0, 0, 0, 0, 0, 0, 0, 0, 0, 0, 0, 0, 0, 0, 0, 0, 0, 0]
===============================================================================

===============================================================================
LINE 3 BROKE: LACK OF PART STOCK
===============================================================================

===============================================================================
day 1
===============================================================================

===============================================================================
parts buffer status on line 3:RED and buffer = [0, 0, 0, 0, 0, 0, 0, 0, 0, 0, 0, 0, 0, 0, 0, 0, 0, 0, 0, 0, 0, 0, 0, 0, 0, 0, 0, 0, 0, 0, 0, 0, 0, 0, 0, 0, 0, 0, 0, 0, 0, 0, 0, 0, 0, 0, 0, 0, 0, 0, 0, 0, 0, 0, 0, 0, 0, 0, 0, 0, 0, 0, 0, 0, 0, 0, 0, 0, 0, 0, 0, 0, 0, 0, 0, 0, 0, 0, 0, 0, 0, 0, 0, 0, 0, 0, 0, 0, 0, 0, 0, 0, 0, 0, 0, 0, 0, 0, 0, 0]
===============================================================================

===============================================================================
received parts! updated parts buffer [1440, 1440, 1440, 1440, 1440, 1440, 1440, 1440, 1440, 1440, 1440, 1440, 1440, 1440, 1440, 1440, 1440, 1440, 1440, 1440, 1440, 1440, 1440, 1440, 1440, 1440, 1440, 1440, 1440, 1440, 1440, 1440, 1440, 1440, 1440, 1440, 1440, 1440, 1440, 1440, 1440, 1440, 1440, 1440, 1440, 1440, 1440, 1440, 1440, 1440, 1440, 1440, 1440, 1440, 1440, 1440, 1440, 1440, 1440, 1440, 1440, 1440, 1440, 1440, 1440, 1440, 1440, 1440, 1440, 1440, 1440, 1440, 1440, 1440, 1440, 1440, 1440, 1440, 1440, 1440, 1440, 1440, 1440, 1440, 1440, 1440, 1440, 1440, 1440, 1440, 1440, 1440, 1440, 1440, 1440, 1440, 1440, 1440, 1440, 1440]
===============================================================================

===============================================================================
order of product 4 sent
===============================================================================

===============================================================================
updated parts buffer [1392, 1392, 1392, 1392, 1392, 1392, 1392, 1392, 1392, 1392, 1392, 1392, 1392, 1392, 1392, 1392, 1392, 1392, 1392, 1392, 1392, 1392, 1392, 1392, 1392, 1392, 1392, 1392, 1392, 1392, 1392, 1392, 1392, 1392, 1392, 1392, 1392, 1392, 1392, 1392, 1392, 1392, 1392, 1392, 1392, 1392, 1392, 1392, 1392, 1392, 1440, 1440, 1392, 1440, 1440, 1392, 1440, 1392, 1392, 1440, 1440, 1440, 1392, 1440, 1440, 1440, 1440, 1392, 1440, 1440, 1440, 1392, 1440, 1440, 1392, 1392, 1440, 1440, 1392, 1392, 1392, 1440, 1440, 1440, 1440, 1440, 1440, 1392, 1392, 1440, 1392, 1392, 1440, 1392, 1392, 1392, 1392, 1392, 1392, 1392]
===============================================================================

===============================================================================
day 2
===============================================================================

===============================================================================
parts buffer status on line 3:GREEN and buffer = [1392, 1392, 1392, 1392, 1392, 1392, 1392, 1392, 1392, 1392, 1392, 1392, 1392, 1392, 1392, 1392, 1392, 1392, 1392, 1392, 1392, 1392, 1392, 1392, 1392, 1392, 1392, 1392, 1392, 1392, 1392, 1392, 1392, 1392, 1392, 1392, 1392, 1392, 1392, 1392, 1392, 1392, 1392, 1392, 1392, 1392, 1392, 1392, 1392, 1392, 1440, 1440, 1392, 1440, 1440, 1392, 1440, 1392, 1392, 1440, 1440, 1440, 1392, 1440, 1440, 1440, 1440, 1392, 1440, 1440, 1440, 1392, 1440, 1440, 1392, 1392, 1440, 1440, 1392, 1392, 1392, 1440, 1440, 1440, 1440, 1440, 1440, 1392, 1392, 1440, 1392, 1392, 1440, 1392, 1392, 1392, 1392, 1392, 1392, 1392]
===============================================================================

===============================================================================
order of product 4 sent
===============================================================================

===============================================================================
updated parts buffer [1344, 1344, 1344, 1344, 1344, 1344, 1344, 1344, 1344, 1344, 1344, 1344, 1344, 1344, 1344, 1344, 1344, 1344, 1344, 1344, 1344, 1344, 1344, 1344, 1344, 1344, 1344, 1344, 1344, 1344, 1344, 1344, 1344, 1344, 1344, 1344, 1344, 1344, 1344, 1344, 1344, 1344, 1344, 1344, 1344, 1344, 1344, 1344, 1344, 1344, 1440, 1440, 1344, 1440, 1440, 1344, 1440, 1344, 1344, 1440, 1440, 1440, 1344, 1440, 1440, 1440, 1440, 1344, 1440, 1440, 1440, 1344, 1440, 1440, 1344, 1344, 1440, 1440, 1344, 1344, 1344, 1440, 1440, 1440, 1440, 1440, 1440, 1344, 1344, 1440, 1344, 1344, 1440, 1344, 1344, 1344, 1344, 1344, 1344, 1344]
===============================================================================

===============================================================================
day 3
===============================================================================

===============================================================================
parts buffer status on line 3:GREEN and buffer = [1344, 1344, 1344, 1344, 1344, 1344, 1344, 1344, 1344, 1344, 1344, 1344, 1344, 1344, 1344, 1344, 1344, 1344, 1344, 1344, 1344, 1344, 1344, 1344, 1344, 1344, 1344, 1344, 1344, 1344, 1344, 1344, 1344, 1344, 1344, 1344, 1344, 1344, 1344, 1344, 1344, 1344, 1344, 1344, 1344, 1344, 1344, 1344, 1344, 1344, 1440, 1440, 1344, 1440, 1440, 1344, 1440, 1344, 1344, 1440, 1440, 1440, 1344, 1440, 1440, 1440, 1440, 1344, 1440, 1440, 1440, 1344, 1440, 1440, 1344, 1344, 1440, 1440, 1344, 1344, 1344, 1440, 1440, 1440, 1440, 1440, 1440, 1344, 1344, 1440, 1344, 1344, 1440, 1344, 1344, 1344, 1344, 1344, 1344, 1344]
===============================================================================

===============================================================================
order of product 4 sent
===============================================================================

===============================================================================
updated parts buffer [1296, 1296, 1296, 1296, 1296, 1296, 1296, 1296, 1296, 1296, 1296, 1296, 1296, 1296, 1296, 1296, 1296, 1296, 1296, 1296, 1296, 1296, 1296, 1296, 1296, 1296, 1296, 1296, 1296, 1296, 1296, 1296, 1296, 1296, 1296, 1296, 1296, 1296, 1296, 1296, 1296, 1296, 1296, 1296, 1296, 1296, 1296, 1296, 1296, 1296, 1440, 1440, 1296, 1440, 1440, 1296, 1440, 1296, 1296, 1440, 1440, 1440, 1296, 1440, 1440, 1440, 1440, 1296, 1440, 1440, 1440, 1296, 1440, 1440, 1296, 1296, 1440, 1440, 1296, 1296, 1296, 1440, 1440, 1440, 1440, 1440, 1440, 1296, 1296, 1440, 1296, 1296, 1440, 1296, 1296, 1296, 1296, 1296, 1296, 1296]
===============================================================================

===============================================================================
day 4
===============================================================================

===============================================================================
parts buffer status on line 3:GREEN and buffer = [1296, 1296, 1296, 1296, 1296, 1296, 1296, 1296, 1296, 1296, 1296, 1296, 1296, 1296, 1296, 1296, 1296, 1296, 1296, 1296, 1296, 1296, 1296, 1296, 1296, 1296, 1296, 1296, 1296, 1296, 1296, 1296, 1296, 1296, 1296, 1296, 1296, 1296, 1296, 1296, 1296, 1296, 1296, 1296, 1296, 1296, 1296, 1296, 1296, 1296, 1440, 1440, 1296, 1440, 1440, 1296, 1440, 1296, 1296, 1440, 1440, 1440, 1296, 1440, 1440, 1440, 1440, 1296, 1440, 1440, 1440, 1296, 1440, 1440, 1296, 1296, 1440, 1440, 1296, 1296, 1296, 1440, 1440, 1440, 1440, 1440, 1440, 1296, 1296, 1440, 1296, 1296, 1440, 1296, 1296, 1296, 1296, 1296, 1296, 1296]
===============================================================================

===============================================================================
order of product 4 sent
===============================================================================

===============================================================================
updated parts buffer [1248, 1248, 1248, 1248, 1248, 1248, 1248, 1248, 1248, 1248, 1248, 1248, 1248, 1248, 1248, 1248, 1248, 1248, 1248, 1248, 1248, 1248, 1248, 1248, 1248, 1248, 1248, 1248, 1248, 1248, 1248, 1248, 1248, 1248, 1248, 1248, 1248, 1248, 1248, 1248, 1248, 1248, 1248, 1248, 1248, 1248, 1248, 1248, 1248, 1248, 1440, 1440, 1248, 1440, 1440, 1248, 1440, 1248, 1248, 1440, 1440, 1440, 1248, 1440, 1440, 1440, 1440, 1248, 1440, 1440, 1440, 1248, 1440, 1440, 1248, 1248, 1440, 1440, 1248, 1248, 1248, 1440, 1440, 1440, 1440, 1440, 1440, 1248, 1248, 1440, 1248, 1248, 1440, 1248, 1248, 1248, 1248, 1248, 1248, 1248]
===============================================================================

===============================================================================
day 5
===============================================================================

===============================================================================
parts buffer status on line 3:GREEN and buffer = [1248, 1248, 1248, 1248, 1248, 1248, 1248, 1248, 1248, 1248, 1248, 1248, 1248, 1248, 1248, 1248, 1248, 1248, 1248, 1248, 1248, 1248, 1248, 1248, 1248, 1248, 1248, 1248, 1248, 1248, 1248, 1248, 1248, 1248, 1248, 1248, 1248, 1248, 1248, 1248, 1248, 1248, 1248, 1248, 1248, 1248, 1248, 1248, 1248, 1248, 1440, 1440, 1248, 1440, 1440, 1248, 1440, 1248, 1248, 1440, 1440, 1440, 1248, 1440, 1440, 1440, 1440, 1248, 1440, 1440, 1440, 1248, 1440, 1440, 1248, 1248, 1440, 1440, 1248, 1248, 1248, 1440, 1440, 1440, 1440, 1440, 1440, 1248, 1248, 1440, 1248, 1248, 1440, 1248, 1248, 1248, 1248, 1248, 1248, 1248]
===============================================================================

===============================================================================
order of product 4 sent
===============================================================================

===============================================================================
updated parts buffer [1200, 1200, 1200, 1200, 1200, 1200, 1200, 1200, 1200, 1200, 1200, 1200, 1200, 1200, 1200, 1200, 1200, 1200, 1200, 1200, 1200, 1200, 1200, 1200, 1200, 1200, 1200, 1200, 1200, 1200, 1200, 1200, 1200, 1200, 1200, 1200, 1200, 1200, 1200, 1200, 1200, 1200, 1200, 1200, 1200, 1200, 1200, 1200, 1200, 1200, 1440, 1440, 1200, 1440, 1440, 1200, 1440, 1200, 1200, 1440, 1440, 1440, 1200, 1440, 1440, 1440, 1440, 1200, 1440, 1440, 1440, 1200, 1440, 1440, 1200, 1200, 1440, 1440, 1200, 1200, 1200, 1440, 1440, 1440, 1440, 1440, 1440, 1200, 1200, 1440, 1200, 1200, 1440, 1200, 1200, 1200, 1200, 1200, 1200, 1200]
===============================================================================

===============================================================================
day 6
===============================================================================

===============================================================================
parts buffer status on line 3:GREEN and buffer = [1200, 1200, 1200, 1200, 1200, 1200, 1200, 1200, 1200, 1200, 1200, 1200, 1200, 1200, 1200, 1200, 1200, 1200, 1200, 1200, 1200, 1200, 1200, 1200, 1200, 1200, 1200, 1200, 1200, 1200, 1200, 1200, 1200, 1200, 1200, 1200, 1200, 1200, 1200, 1200, 1200, 1200, 1200, 1200, 1200, 1200, 1200, 1200, 1200, 1200, 1440, 1440, 1200, 1440, 1440, 1200, 1440, 1200, 1200, 1440, 1440, 1440, 1200, 1440, 1440, 1440, 1440, 1200, 1440, 1440, 1440, 1200, 1440, 1440, 1200, 1200, 1440, 1440, 1200, 1200, 1200, 1440, 1440, 1440, 1440, 1440, 1440, 1200, 1200, 1440, 1200, 1200, 1440, 1200, 1200, 1200, 1200, 1200, 1200, 1200]
===============================================================================

===============================================================================
order of product 4 sent
===============================================================================

===============================================================================
updated parts buffer [1152, 1152, 1152, 1152, 1152, 1152, 1152, 1152, 1152, 1152, 1152, 1152, 1152, 1152, 1152, 1152, 1152, 1152, 1152, 1152, 1152, 1152, 1152, 1152, 1152, 1152, 1152, 1152, 1152, 1152, 1152, 1152, 1152, 1152, 1152, 1152, 1152, 1152, 1152, 1152, 1152, 1152, 1152, 1152, 1152, 1152, 1152, 1152, 1152, 1152, 1440, 1440, 1152, 1440, 1440, 1152, 1440, 1152, 1152, 1440, 1440, 1440, 1152, 1440, 1440, 1440, 1440, 1152, 1440, 1440, 1440, 1152, 1440, 1440, 1152, 1152, 1440, 1440, 1152, 1152, 1152, 1440, 1440, 1440, 1440, 1440, 1440, 1152, 1152, 1440, 1152, 1152, 1440, 1152, 1152, 1152, 1152, 1152, 1152, 1152]
===============================================================================

===============================================================================
day 7
===============================================================================

===============================================================================
parts buffer status on line 3:GREEN and buffer = [1152, 1152, 1152, 1152, 1152, 1152, 1152, 1152, 1152, 1152, 1152, 1152, 1152, 1152, 1152, 1152, 1152, 1152, 1152, 1152, 1152, 1152, 1152, 1152, 1152, 1152, 1152, 1152, 1152, 1152, 1152, 1152, 1152, 1152, 1152, 1152, 1152, 1152, 1152, 1152, 1152, 1152, 1152, 1152, 1152, 1152, 1152, 1152, 1152, 1152, 1440, 1440, 1152, 1440, 1440, 1152, 1440, 1152, 1152, 1440, 1440, 1440, 1152, 1440, 1440, 1440, 1440, 1152, 1440, 1440, 1440, 1152, 1440, 1440, 1152, 1152, 1440, 1440, 1152, 1152, 1152, 1440, 1440, 1440, 1440, 1440, 1440, 1152, 1152, 1440, 1152, 1152, 1440, 1152, 1152, 1152, 1152, 1152, 1152, 1152]
===============================================================================

===============================================================================
day 8
===============================================================================

===============================================================================
parts buffer status on line 3:GREEN and buffer = [1152, 1152, 1152, 1152, 1152, 1152, 1152, 1152, 1152, 1152, 1152, 1152, 1152, 1152, 1152, 1152, 1152, 1152, 1152, 1152, 1152, 1152, 1152, 1152, 1152, 1152, 1152, 1152, 1152, 1152, 1152, 1152, 1152, 1152, 1152, 1152, 1152, 1152, 1152, 1152, 1152, 1152, 1152, 1152, 1152, 1152, 1152, 1152, 1152, 1152, 1440, 1440, 1152, 1440, 1440, 1152, 1440, 1152, 1152, 1440, 1440, 1440, 1152, 1440, 1440, 1440, 1440, 1152, 1440, 1440, 1440, 1152, 1440, 1440, 1152, 1152, 1440, 1440, 1152, 1152, 1152, 1440, 1440, 1440, 1440, 1440, 1440, 1152, 1152, 1440, 1152, 1152, 1440, 1152, 1152, 1152, 1152, 1152, 1152, 1152]
===============================================================================

===============================================================================
day 9
===============================================================================

===============================================================================
parts buffer status on line 3:GREEN and buffer = [1152, 1152, 1152, 1152, 1152, 1152, 1152, 1152, 1152, 1152, 1152, 1152, 1152, 1152, 1152, 1152, 1152, 1152, 1152, 1152, 1152, 1152, 1152, 1152, 1152, 1152, 1152, 1152, 1152, 1152, 1152, 1152, 1152, 1152, 1152, 1152, 1152, 1152, 1152, 1152, 1152, 1152, 1152, 1152, 1152, 1152, 1152, 1152, 1152, 1152, 1440, 1440, 1152, 1440, 1440, 1152, 1440, 1152, 1152, 1440, 1440, 1440, 1152, 1440, 1440, 1440, 1440, 1152, 1440, 1440, 1440, 1152, 1440, 1440, 1152, 1152, 1440, 1440, 1152, 1152, 1152, 1440, 1440, 1440, 1440, 1440, 1440, 1152, 1152, 1440, 1152, 1152, 1440, 1152, 1152, 1152, 1152, 1152, 1152, 1152]
===============================================================================

===============================================================================
order of product 4 sent
===============================================================================

===============================================================================
updated parts buffer [1104, 1104, 1104, 1104, 1104, 1104, 1104, 1104, 1104, 1104, 1104, 1104, 1104, 1104, 1104, 1104, 1104, 1104, 1104, 1104, 1104, 1104, 1104, 1104, 1104, 1104, 1104, 1104, 1104, 1104, 1104, 1104, 1104, 1104, 1104, 1104, 1104, 1104, 1104, 1104, 1104, 1104, 1104, 1104, 1104, 1104, 1104, 1104, 1104, 1104, 1440, 1440, 1104, 1440, 1440, 1104, 1440, 1104, 1104, 1440, 1440, 1440, 1104, 1440, 1440, 1440, 1440, 1104, 1440, 1440, 1440, 1104, 1440, 1440, 1104, 1104, 1440, 1440, 1104, 1104, 1104, 1440, 1440, 1440, 1440, 1440, 1440, 1104, 1104, 1440, 1104, 1104, 1440, 1104, 1104, 1104, 1104, 1104, 1104, 1104]
===============================================================================

===============================================================================
day 10
===============================================================================

===============================================================================
parts buffer status on line 3:GREEN and buffer = [1104, 1104, 1104, 1104, 1104, 1104, 1104, 1104, 1104, 1104, 1104, 1104, 1104, 1104, 1104, 1104, 1104, 1104, 1104, 1104, 1104, 1104, 1104, 1104, 1104, 1104, 1104, 1104, 1104, 1104, 1104, 1104, 1104, 1104, 1104, 1104, 1104, 1104, 1104, 1104, 1104, 1104, 1104, 1104, 1104, 1104, 1104, 1104, 1104, 1104, 1440, 1440, 1104, 1440, 1440, 1104, 1440, 1104, 1104, 1440, 1440, 1440, 1104, 1440, 1440, 1440, 1440, 1104, 1440, 1440, 1440, 1104, 1440, 1440, 1104, 1104, 1440, 1440, 1104, 1104, 1104, 1440, 1440, 1440, 1440, 1440, 1440, 1104, 1104, 1440, 1104, 1104, 1440, 1104, 1104, 1104, 1104, 1104, 1104, 1104]
===============================================================================

===============================================================================
order of product 4 sent
===============================================================================

===============================================================================
updated parts buffer [1056, 1056, 1056, 1056, 1056, 1056, 1056, 1056, 1056, 1056, 1056, 1056, 1056, 1056, 1056, 1056, 1056, 1056, 1056, 1056, 1056, 1056, 1056, 1056, 1056, 1056, 1056, 1056, 1056, 1056, 1056, 1056, 1056, 1056, 1056, 1056, 1056, 1056, 1056, 1056, 1056, 1056, 1056, 1056, 1056, 1056, 1056, 1056, 1056, 1056, 1440, 1440, 1056, 1440, 1440, 1056, 1440, 1056, 1056, 1440, 1440, 1440, 1056, 1440, 1440, 1440, 1440, 1056, 1440, 1440, 1440, 1056, 1440, 1440, 1056, 1056, 1440, 1440, 1056, 1056, 1056, 1440, 1440, 1440, 1440, 1440, 1440, 1056, 1056, 1440, 1056, 1056, 1440, 1056, 1056, 1056, 1056, 1056, 1056, 1056]
===============================================================================

===============================================================================
day 11
===============================================================================

===============================================================================
parts buffer status on line 3:GREEN and buffer = [1056, 1056, 1056, 1056, 1056, 1056, 1056, 1056, 1056, 1056, 1056, 1056, 1056, 1056, 1056, 1056, 1056, 1056, 1056, 1056, 1056, 1056, 1056, 1056, 1056, 1056, 1056, 1056, 1056, 1056, 1056, 1056, 1056, 1056, 1056, 1056, 1056, 1056, 1056, 1056, 1056, 1056, 1056, 1056, 1056, 1056, 1056, 1056, 1056, 1056, 1440, 1440, 1056, 1440, 1440, 1056, 1440, 1056, 1056, 1440, 1440, 1440, 1056, 1440, 1440, 1440, 1440, 1056, 1440, 1440, 1440, 1056, 1440, 1440, 1056, 1056, 1440, 1440, 1056, 1056, 1056, 1440, 1440, 1440, 1440, 1440, 1440, 1056, 1056, 1440, 1056, 1056, 1440, 1056, 1056, 1056, 1056, 1056, 1056, 1056]
===============================================================================

===============================================================================
order of product 4 sent
===============================================================================

===============================================================================
updated parts buffer [1008, 1008, 1008, 1008, 1008, 1008, 1008, 1008, 1008, 1008, 1008, 1008, 1008, 1008, 1008, 1008, 1008, 1008, 1008, 1008, 1008, 1008, 1008, 1008, 1008, 1008, 1008, 1008, 1008, 1008, 1008, 1008, 1008, 1008, 1008, 1008, 1008, 1008, 1008, 1008, 1008, 1008, 1008, 1008, 1008, 1008, 1008, 1008, 1008, 1008, 1440, 1440, 1008, 1440, 1440, 1008, 1440, 1008, 1008, 1440, 1440, 1440, 1008, 1440, 1440, 1440, 1440, 1008, 1440, 1440, 1440, 1008, 1440, 1440, 1008, 1008, 1440, 1440, 1008, 1008, 1008, 1440, 1440, 1440, 1440, 1440, 1440, 1008, 1008, 1440, 1008, 1008, 1440, 1008, 1008, 1008, 1008, 1008, 1008, 1008]
===============================================================================

===============================================================================
day 12
===============================================================================

===============================================================================
parts buffer status on line 3:GREEN and buffer = [1008, 1008, 1008, 1008, 1008, 1008, 1008, 1008, 1008, 1008, 1008, 1008, 1008, 1008, 1008, 1008, 1008, 1008, 1008, 1008, 1008, 1008, 1008, 1008, 1008, 1008, 1008, 1008, 1008, 1008, 1008, 1008, 1008, 1008, 1008, 1008, 1008, 1008, 1008, 1008, 1008, 1008, 1008, 1008, 1008, 1008, 1008, 1008, 1008, 1008, 1440, 1440, 1008, 1440, 1440, 1008, 1440, 1008, 1008, 1440, 1440, 1440, 1008, 1440, 1440, 1440, 1440, 1008, 1440, 1440, 1440, 1008, 1440, 1440, 1008, 1008, 1440, 1440, 1008, 1008, 1008, 1440, 1440, 1440, 1440, 1440, 1440, 1008, 1008, 1440, 1008, 1008, 1440, 1008, 1008, 1008, 1008, 1008, 1008, 1008]
===============================================================================

===============================================================================
order of product 4 sent
===============================================================================

===============================================================================
updated parts buffer [960, 960, 960, 960, 960, 960, 960, 960, 960, 960, 960, 960, 960, 960, 960, 960, 960, 960, 960, 960, 960, 960, 960, 960, 960, 960, 960, 960, 960, 960, 960, 960, 960, 960, 960, 960, 960, 960, 960, 960, 960, 960, 960, 960, 960, 960, 960, 960, 960, 960, 1440, 1440, 960, 1440, 1440, 960, 1440, 960, 960, 1440, 1440, 1440, 960, 1440, 1440, 1440, 1440, 960, 1440, 1440, 1440, 960, 1440, 1440, 960, 960, 1440, 1440, 960, 960, 960, 1440, 1440, 1440, 1440, 1440, 1440, 960, 960, 1440, 960, 960, 1440, 960, 960, 960, 960, 960, 960, 960]
===============================================================================

===============================================================================
day 13
===============================================================================

===============================================================================
parts buffer status on line 3:GREEN and buffer = [960, 960, 960, 960, 960, 960, 960, 960, 960, 960, 960, 960, 960, 960, 960, 960, 960, 960, 960, 960, 960, 960, 960, 960, 960, 960, 960, 960, 960, 960, 960, 960, 960, 960, 960, 960, 960, 960, 960, 960, 960, 960, 960, 960, 960, 960, 960, 960, 960, 960, 1440, 1440, 960, 1440, 1440, 960, 1440, 960, 960, 1440, 1440, 1440, 960, 1440, 1440, 1440, 1440, 960, 1440, 1440, 1440, 960, 1440, 1440, 960, 960, 1440, 1440, 960, 960, 960, 1440, 1440, 1440, 1440, 1440, 1440, 960, 960, 1440, 960, 960, 1440, 960, 960, 960, 960, 960, 960, 960]
===============================================================================

===============================================================================
order of product 4 sent
===============================================================================

===============================================================================
updated parts buffer [912, 912, 912, 912, 912, 912, 912, 912, 912, 912, 912, 912, 912, 912, 912, 912, 912, 912, 912, 912, 912, 912, 912, 912, 912, 912, 912, 912, 912, 912, 912, 912, 912, 912, 912, 912, 912, 912, 912, 912, 912, 912, 912, 912, 912, 912, 912, 912, 912, 912, 1440, 1440, 912, 1440, 1440, 912, 1440, 912, 912, 1440, 1440, 1440, 912, 1440, 1440, 1440, 1440, 912, 1440, 1440, 1440, 912, 1440, 1440, 912, 912, 1440, 1440, 912, 912, 912, 1440, 1440, 1440, 1440, 1440, 1440, 912, 912, 1440, 912, 912, 1440, 912, 912, 912, 912, 912, 912, 912]
===============================================================================

===============================================================================
day 14
===============================================================================

===============================================================================
parts buffer status on line 3:GREEN and buffer = [912, 912, 912, 912, 912, 912, 912, 912, 912, 912, 912, 912, 912, 912, 912, 912, 912, 912, 912, 912, 912, 912, 912, 912, 912, 912, 912, 912, 912, 912, 912, 912, 912, 912, 912, 912, 912, 912, 912, 912, 912, 912, 912, 912, 912, 912, 912, 912, 912, 912, 1440, 1440, 912, 1440, 1440, 912, 1440, 912, 912, 1440, 1440, 1440, 912, 1440, 1440, 1440, 1440, 912, 1440, 1440, 1440, 912, 1440, 1440, 912, 912, 1440, 1440, 912, 912, 912, 1440, 1440, 1440, 1440, 1440, 1440, 912, 912, 1440, 912, 912, 1440, 912, 912, 912, 912, 912, 912, 912]
===============================================================================

===============================================================================
order of product 4 sent
===============================================================================

===============================================================================
updated parts buffer [864, 864, 864, 864, 864, 864, 864, 864, 864, 864, 864, 864, 864, 864, 864, 864, 864, 864, 864, 864, 864, 864, 864, 864, 864, 864, 864, 864, 864, 864, 864, 864, 864, 864, 864, 864, 864, 864, 864, 864, 864, 864, 864, 864, 864, 864, 864, 864, 864, 864, 1440, 1440, 864, 1440, 1440, 864, 1440, 864, 864, 1440, 1440, 1440, 864, 1440, 1440, 1440, 1440, 864, 1440, 1440, 1440, 864, 1440, 1440, 864, 864, 1440, 1440, 864, 864, 864, 1440, 1440, 1440, 1440, 1440, 1440, 864, 864, 1440, 864, 864, 1440, 864, 864, 864, 864, 864, 864, 864]
===============================================================================

===============================================================================
day 15
===============================================================================

===============================================================================
parts buffer status on line 3:GREEN and buffer = [864, 864, 864, 864, 864, 864, 864, 864, 864, 864, 864, 864, 864, 864, 864, 864, 864, 864, 864, 864, 864, 864, 864, 864, 864, 864, 864, 864, 864, 864, 864, 864, 864, 864, 864, 864, 864, 864, 864, 864, 864, 864, 864, 864, 864, 864, 864, 864, 864, 864, 1440, 1440, 864, 1440, 1440, 864, 1440, 864, 864, 1440, 1440, 1440, 864, 1440, 1440, 1440, 1440, 864, 1440, 1440, 1440, 864, 1440, 1440, 864, 864, 1440, 1440, 864, 864, 864, 1440, 1440, 1440, 1440, 1440, 1440, 864, 864, 1440, 864, 864, 1440, 864, 864, 864, 864, 864, 864, 864]
===============================================================================

===============================================================================
order of product 4 sent
===============================================================================

===============================================================================
updated parts buffer [816, 816, 816, 816, 816, 816, 816, 816, 816, 816, 816, 816, 816, 816, 816, 816, 816, 816, 816, 816, 816, 816, 816, 816, 816, 816, 816, 816, 816, 816, 816, 816, 816, 816, 816, 816, 816, 816, 816, 816, 816, 816, 816, 816, 816, 816, 816, 816, 816, 816, 1440, 1440, 816, 1440, 1440, 816, 1440, 816, 816, 1440, 1440, 1440, 816, 1440, 1440, 1440, 1440, 816, 1440, 1440, 1440, 816, 1440, 1440, 816, 816, 1440, 1440, 816, 816, 816, 1440, 1440, 1440, 1440, 1440, 1440, 816, 816, 1440, 816, 816, 1440, 816, 816, 816, 816, 816, 816, 816]
===============================================================================

===============================================================================
day 16
===============================================================================

===============================================================================
parts buffer status on line 3:GREEN and buffer = [816, 816, 816, 816, 816, 816, 816, 816, 816, 816, 816, 816, 816, 816, 816, 816, 816, 816, 816, 816, 816, 816, 816, 816, 816, 816, 816, 816, 816, 816, 816, 816, 816, 816, 816, 816, 816, 816, 816, 816, 816, 816, 816, 816, 816, 816, 816, 816, 816, 816, 1440, 1440, 816, 1440, 1440, 816, 1440, 816, 816, 1440, 1440, 1440, 816, 1440, 1440, 1440, 1440, 816, 1440, 1440, 1440, 816, 1440, 1440, 816, 816, 1440, 1440, 816, 816, 816, 1440, 1440, 1440, 1440, 1440, 1440, 816, 816, 1440, 816, 816, 1440, 816, 816, 816, 816, 816, 816, 816]
===============================================================================

===============================================================================
order of product 4 sent
===============================================================================

===============================================================================
updated parts buffer [768, 768, 768, 768, 768, 768, 768, 768, 768, 768, 768, 768, 768, 768, 768, 768, 768, 768, 768, 768, 768, 768, 768, 768, 768, 768, 768, 768, 768, 768, 768, 768, 768, 768, 768, 768, 768, 768, 768, 768, 768, 768, 768, 768, 768, 768, 768, 768, 768, 768, 1440, 1440, 768, 1440, 1440, 768, 1440, 768, 768, 1440, 1440, 1440, 768, 1440, 1440, 1440, 1440, 768, 1440, 1440, 1440, 768, 1440, 1440, 768, 768, 1440, 1440, 768, 768, 768, 1440, 1440, 1440, 1440, 1440, 1440, 768, 768, 1440, 768, 768, 1440, 768, 768, 768, 768, 768, 768, 768]
===============================================================================

===============================================================================
day 17
===============================================================================

===============================================================================
parts buffer status on line 3:GREEN and buffer = [768, 768, 768, 768, 768, 768, 768, 768, 768, 768, 768, 768, 768, 768, 768, 768, 768, 768, 768, 768, 768, 768, 768, 768, 768, 768, 768, 768, 768, 768, 768, 768, 768, 768, 768, 768, 768, 768, 768, 768, 768, 768, 768, 768, 768, 768, 768, 768, 768, 768, 1440, 1440, 768, 1440, 1440, 768, 1440, 768, 768, 1440, 1440, 1440, 768, 1440, 1440, 1440, 1440, 768, 1440, 1440, 1440, 768, 1440, 1440, 768, 768, 1440, 1440, 768, 768, 768, 1440, 1440, 1440, 1440, 1440, 1440, 768, 768, 1440, 768, 768, 1440, 768, 768, 768, 768, 768, 768, 768]
===============================================================================

===============================================================================
order of product 4 sent
===============================================================================

===============================================================================
updated parts buffer [720, 720, 720, 720, 720, 720, 720, 720, 720, 720, 720, 720, 720, 720, 720, 720, 720, 720, 720, 720, 720, 720, 720, 720, 720, 720, 720, 720, 720, 720, 720, 720, 720, 720, 720, 720, 720, 720, 720, 720, 720, 720, 720, 720, 720, 720, 720, 720, 720, 720, 1440, 1440, 720, 1440, 1440, 720, 1440, 720, 720, 1440, 1440, 1440, 720, 1440, 1440, 1440, 1440, 720, 1440, 1440, 1440, 720, 1440, 1440, 720, 720, 1440, 1440, 720, 720, 720, 1440, 1440, 1440, 1440, 1440, 1440, 720, 720, 1440, 720, 720, 1440, 720, 720, 720, 720, 720, 720, 720]
===============================================================================

===============================================================================
day 18
===============================================================================

===============================================================================
parts buffer status on line 3:GREEN and buffer = [720, 720, 720, 720, 720, 720, 720, 720, 720, 720, 720, 720, 720, 720, 720, 720, 720, 720, 720, 720, 720, 720, 720, 720, 720, 720, 720, 720, 720, 720, 720, 720, 720, 720, 720, 720, 720, 720, 720, 720, 720, 720, 720, 720, 720, 720, 720, 720, 720, 720, 1440, 1440, 720, 1440, 1440, 720, 1440, 720, 720, 1440, 1440, 1440, 720, 1440, 1440, 1440, 1440, 720, 1440, 1440, 1440, 720, 1440, 1440, 720, 720, 1440, 1440, 720, 720, 720, 1440, 1440, 1440, 1440, 1440, 1440, 720, 720, 1440, 720, 720, 1440, 720, 720, 720, 720, 720, 720, 720]
===============================================================================

===============================================================================
order of product 4 sent
===============================================================================

===============================================================================
updated parts buffer [672, 672, 672, 672, 672, 672, 672, 672, 672, 672, 672, 672, 672, 672, 672, 672, 672, 672, 672, 672, 672, 672, 672, 672, 672, 672, 672, 672, 672, 672, 672, 672, 672, 672, 672, 672, 672, 672, 672, 672, 672, 672, 672, 672, 672, 672, 672, 672, 672, 672, 1440, 1440, 672, 1440, 1440, 672, 1440, 672, 672, 1440, 1440, 1440, 672, 1440, 1440, 1440, 1440, 672, 1440, 1440, 1440, 672, 1440, 1440, 672, 672, 1440, 1440, 672, 672, 672, 1440, 1440, 1440, 1440, 1440, 1440, 672, 672, 1440, 672, 672, 1440, 672, 672, 672, 672, 672, 672, 672]
===============================================================================

===============================================================================
day 19
===============================================================================

===============================================================================
parts buffer status on line 3:GREEN and buffer = [672, 672, 672, 672, 672, 672, 672, 672, 672, 672, 672, 672, 672, 672, 672, 672, 672, 672, 672, 672, 672, 672, 672, 672, 672, 672, 672, 672, 672, 672, 672, 672, 672, 672, 672, 672, 672, 672, 672, 672, 672, 672, 672, 672, 672, 672, 672, 672, 672, 672, 1440, 1440, 672, 1440, 1440, 672, 1440, 672, 672, 1440, 1440, 1440, 672, 1440, 1440, 1440, 1440, 672, 1440, 1440, 1440, 672, 1440, 1440, 672, 672, 1440, 1440, 672, 672, 672, 1440, 1440, 1440, 1440, 1440, 1440, 672, 672, 1440, 672, 672, 1440, 672, 672, 672, 672, 672, 672, 672]
===============================================================================

===============================================================================
order of product 4 sent
===============================================================================

===============================================================================
updated parts buffer [624, 624, 624, 624, 624, 624, 624, 624, 624, 624, 624, 624, 624, 624, 624, 624, 624, 624, 624, 624, 624, 624, 624, 624, 624, 624, 624, 624, 624, 624, 624, 624, 624, 624, 624, 624, 624, 624, 624, 624, 624, 624, 624, 624, 624, 624, 624, 624, 624, 624, 1440, 1440, 624, 1440, 1440, 624, 1440, 624, 624, 1440, 1440, 1440, 624, 1440, 1440, 1440, 1440, 624, 1440, 1440, 1440, 624, 1440, 1440, 624, 624, 1440, 1440, 624, 624, 624, 1440, 1440, 1440, 1440, 1440, 1440, 624, 624, 1440, 624, 624, 1440, 624, 624, 624, 624, 624, 624, 624]
===============================================================================

===============================================================================
day 20
===============================================================================

===============================================================================
parts buffer status on line 3:GREEN and buffer = [624, 624, 624, 624, 624, 624, 624, 624, 624, 624, 624, 624, 624, 624, 624, 624, 624, 624, 624, 624, 624, 624, 624, 624, 624, 624, 624, 624, 624, 624, 624, 624, 624, 624, 624, 624, 624, 624, 624, 624, 624, 624, 624, 624, 624, 624, 624, 624, 624, 624, 1440, 1440, 624, 1440, 1440, 624, 1440, 624, 624, 1440, 1440, 1440, 624, 1440, 1440, 1440, 1440, 624, 1440, 1440, 1440, 624, 1440, 1440, 624, 624, 1440, 1440, 624, 624, 624, 1440, 1440, 1440, 1440, 1440, 1440, 624, 624, 1440, 624, 624, 1440, 624, 624, 624, 624, 624, 624, 624]
===============================================================================

===============================================================================
order of product 4 sent
===============================================================================

===============================================================================
updated parts buffer [576, 576, 576, 576, 576, 576, 576, 576, 576, 576, 576, 576, 576, 576, 576, 576, 576, 576, 576, 576, 576, 576, 576, 576, 576, 576, 576, 576, 576, 576, 576, 576, 576, 576, 576, 576, 576, 576, 576, 576, 576, 576, 576, 576, 576, 576, 576, 576, 576, 576, 1440, 1440, 576, 1440, 1440, 576, 1440, 576, 576, 1440, 1440, 1440, 576, 1440, 1440, 1440, 1440, 576, 1440, 1440, 1440, 576, 1440, 1440, 576, 576, 1440, 1440, 576, 576, 576, 1440, 1440, 1440, 1440, 1440, 1440, 576, 576, 1440, 576, 576, 1440, 576, 576, 576, 576, 576, 576, 576]
===============================================================================

===============================================================================
day 21
===============================================================================

===============================================================================
parts buffer status on line 3:GREEN and buffer = [576, 576, 576, 576, 576, 576, 576, 576, 576, 576, 576, 576, 576, 576, 576, 576, 576, 576, 576, 576, 576, 576, 576, 576, 576, 576, 576, 576, 576, 576, 576, 576, 576, 576, 576, 576, 576, 576, 576, 576, 576, 576, 576, 576, 576, 576, 576, 576, 576, 576, 1440, 1440, 576, 1440, 1440, 576, 1440, 576, 576, 1440, 1440, 1440, 576, 1440, 1440, 1440, 1440, 576, 1440, 1440, 1440, 576, 1440, 1440, 576, 576, 1440, 1440, 576, 576, 576, 1440, 1440, 1440, 1440, 1440, 1440, 576, 576, 1440, 576, 576, 1440, 576, 576, 576, 576, 576, 576, 576]
===============================================================================

===============================================================================
order of product 4 sent
===============================================================================

===============================================================================
updated parts buffer [528, 528, 528, 528, 528, 528, 528, 528, 528, 528, 528, 528, 528, 528, 528, 528, 528, 528, 528, 528, 528, 528, 528, 528, 528, 528, 528, 528, 528, 528, 528, 528, 528, 528, 528, 528, 528, 528, 528, 528, 528, 528, 528, 528, 528, 528, 528, 528, 528, 528, 1440, 1440, 528, 1440, 1440, 528, 1440, 528, 528, 1440, 1440, 1440, 528, 1440, 1440, 1440, 1440, 528, 1440, 1440, 1440, 528, 1440, 1440, 528, 528, 1440, 1440, 528, 528, 528, 1440, 1440, 1440, 1440, 1440, 1440, 528, 528, 1440, 528, 528, 1440, 528, 528, 528, 528, 528, 528, 528]
===============================================================================

===============================================================================
day 1
===============================================================================

===============================================================================
parts buffer status on line 3:RED and buffer = [0, 0, 0, 0, 0, 0, 0, 0, 0, 0, 0, 0, 0, 0, 0, 0, 0, 0, 0, 0, 0, 0, 0, 0, 0, 0, 0, 0, 0, 0, 0, 0, 0, 0, 0, 0, 0, 0, 0, 0, 0, 0, 0, 0, 0, 0, 0, 0, 0, 0, 0, 0, 0, 0, 0, 0, 0, 0, 0, 0, 0, 0, 0, 0, 0, 0, 0, 0, 0, 0, 0, 0, 0, 0, 0, 0, 0, 0, 0, 0, 0, 0, 0, 0, 0, 0, 0, 0, 0, 0, 0, 0, 0, 0, 0, 0, 0, 0, 0, 0]
===============================================================================

===============================================================================
LINE 3 BROKE: LACK OF PART STOCK
===============================================================================

===============================================================================
day 2
===============================================================================

===============================================================================
parts buffer status on line 3:RED and buffer = [0, 0, 0, 0, 0, 0, 0, 0, 0, 0, 0, 0, 0, 0, 0, 0, 0, 0, 0, 0, 0, 0, 0, 0, 0, 0, 0, 0, 0, 0, 0, 0, 0, 0, 0, 0, 0, 0, 0, 0, 0, 0, 0, 0, 0, 0, 0, 0, 0, 0, 0, 0, 0, 0, 0, 0, 0, 0, 0, 0, 0, 0, 0, 0, 0, 0, 0, 0, 0, 0, 0, 0, 0, 0, 0, 0, 0, 0, 0, 0, 0, 0, 0, 0, 0, 0, 0, 0, 0, 0, 0, 0, 0, 0, 0, 0, 0, 0, 0, 0]
===============================================================================

===============================================================================
LINE 3 BROKE: LACK OF PART STOCK
===============================================================================

===============================================================================
day 3
===============================================================================

===============================================================================
parts buffer status on line 3:RED and buffer = [0, 0, 0, 0, 0, 0, 0, 0, 0, 0, 0, 0, 0, 0, 0, 0, 0, 0, 0, 0, 0, 0, 0, 0, 0, 0, 0, 0, 0, 0, 0, 0, 0, 0, 0, 0, 0, 0, 0, 0, 0, 0, 0, 0, 0, 0, 0, 0, 0, 0, 0, 0, 0, 0, 0, 0, 0, 0, 0, 0, 0, 0, 0, 0, 0, 0, 0, 0, 0, 0, 0, 0, 0, 0, 0, 0, 0, 0, 0, 0, 0, 0, 0, 0, 0, 0, 0, 0, 0, 0, 0, 0, 0, 0, 0, 0, 0, 0, 0, 0]
===============================================================================

===============================================================================
LINE 3 BROKE: LACK OF PART STOCK
===============================================================================

===============================================================================
day 4
===============================================================================

===============================================================================
parts buffer status on line 3:RED and buffer = [0, 0, 0, 0, 0, 0, 0, 0, 0, 0, 0, 0, 0, 0, 0, 0, 0, 0, 0, 0, 0, 0, 0, 0, 0, 0, 0, 0, 0, 0, 0, 0, 0, 0, 0, 0, 0, 0, 0, 0, 0, 0, 0, 0, 0, 0, 0, 0, 0, 0, 0, 0, 0, 0, 0, 0, 0, 0, 0, 0, 0, 0, 0, 0, 0, 0, 0, 0, 0, 0, 0, 0, 0, 0, 0, 0, 0, 0, 0, 0, 0, 0, 0, 0, 0, 0, 0, 0, 0, 0, 0, 0, 0, 0, 0, 0, 0, 0, 0, 0]
===============================================================================

===============================================================================
LINE 3 BROKE: LACK OF PART STOCK
===============================================================================

===============================================================================
day 5
===============================================================================

===============================================================================
parts buffer status on line 3:RED and buffer = [0, 0, 0, 0, 0, 0, 0, 0, 0, 0, 0, 0, 0, 0, 0, 0, 0, 0, 0, 0, 0, 0, 0, 0, 0, 0, 0, 0, 0, 0, 0, 0, 0, 0, 0, 0, 0, 0, 0, 0, 0, 0, 0, 0, 0, 0, 0, 0, 0, 0, 0, 0, 0, 0, 0, 0, 0, 0, 0, 0, 0, 0, 0, 0, 0, 0, 0, 0, 0, 0, 0, 0, 0, 0, 0, 0, 0, 0, 0, 0, 0, 0, 0, 0, 0, 0, 0, 0, 0, 0, 0, 0, 0, 0, 0, 0, 0, 0, 0, 0]
===============================================================================

===============================================================================
LINE 3 BROKE: LACK OF PART STOCK
===============================================================================

===============================================================================
day 6
===============================================================================

===============================================================================
parts buffer status on line 3:RED and buffer = [0, 0, 0, 0, 0, 0, 0, 0, 0, 0, 0, 0, 0, 0, 0, 0, 0, 0, 0, 0, 0, 0, 0, 0, 0, 0, 0, 0, 0, 0, 0, 0, 0, 0, 0, 0, 0, 0, 0, 0, 0, 0, 0, 0, 0, 0, 0, 0, 0, 0, 0, 0, 0, 0, 0, 0, 0, 0, 0, 0, 0, 0, 0, 0, 0, 0, 0, 0, 0, 0, 0, 0, 0, 0, 0, 0, 0, 0, 0, 0, 0, 0, 0, 0, 0, 0, 0, 0, 0, 0, 0, 0, 0, 0, 0, 0, 0, 0, 0, 0]
===============================================================================

===============================================================================
LINE 3 BROKE: LACK OF PART STOCK
===============================================================================

===============================================================================
day 7
===============================================================================

===============================================================================
parts buffer status on line 3:RED and buffer = [0, 0, 0, 0, 0, 0, 0, 0, 0, 0, 0, 0, 0, 0, 0, 0, 0, 0, 0, 0, 0, 0, 0, 0, 0, 0, 0, 0, 0, 0, 0, 0, 0, 0, 0, 0, 0, 0, 0, 0, 0, 0, 0, 0, 0, 0, 0, 0, 0, 0, 0, 0, 0, 0, 0, 0, 0, 0, 0, 0, 0, 0, 0, 0, 0, 0, 0, 0, 0, 0, 0, 0, 0, 0, 0, 0, 0, 0, 0, 0, 0, 0, 0, 0, 0, 0, 0, 0, 0, 0, 0, 0, 0, 0, 0, 0, 0, 0, 0, 0]
===============================================================================

===============================================================================
LINE 3 BROKE: LACK OF PART STOCK
===============================================================================

===============================================================================
day 8
===============================================================================

===============================================================================
parts buffer status on line 3:RED and buffer = [0, 0, 0, 0, 0, 0, 0, 0, 0, 0, 0, 0, 0, 0, 0, 0, 0, 0, 0, 0, 0, 0, 0, 0, 0, 0, 0, 0, 0, 0, 0, 0, 0, 0, 0, 0, 0, 0, 0, 0, 0, 0, 0, 0, 0, 0, 0, 0, 0, 0, 0, 0, 0, 0, 0, 0, 0, 0, 0, 0, 0, 0, 0, 0, 0, 0, 0, 0, 0, 0, 0, 0, 0, 0, 0, 0, 0, 0, 0, 0, 0, 0, 0, 0, 0, 0, 0, 0, 0, 0, 0, 0, 0, 0, 0, 0, 0, 0, 0, 0]
===============================================================================

===============================================================================
LINE 3 BROKE: LACK OF PART STOCK
===============================================================================

===============================================================================
day 9
===============================================================================

===============================================================================
parts buffer status on line 3:RED and buffer = [0, 0, 0, 0, 0, 0, 0, 0, 0, 0, 0, 0, 0, 0, 0, 0, 0, 0, 0, 0, 0, 0, 0, 0, 0, 0, 0, 0, 0, 0, 0, 0, 0, 0, 0, 0, 0, 0, 0, 0, 0, 0, 0, 0, 0, 0, 0, 0, 0, 0, 0, 0, 0, 0, 0, 0, 0, 0, 0, 0, 0, 0, 0, 0, 0, 0, 0, 0, 0, 0, 0, 0, 0, 0, 0, 0, 0, 0, 0, 0, 0, 0, 0, 0, 0, 0, 0, 0, 0, 0, 0, 0, 0, 0, 0, 0, 0, 0, 0, 0]
===============================================================================

===============================================================================
LINE 3 BROKE: LACK OF PART STOCK
===============================================================================

===============================================================================
day 10
===============================================================================

===============================================================================
parts buffer status on line 3:RED and buffer = [0, 0, 0, 0, 0, 0, 0, 0, 0, 0, 0, 0, 0, 0, 0, 0, 0, 0, 0, 0, 0, 0, 0, 0, 0, 0, 0, 0, 0, 0, 0, 0, 0, 0, 0, 0, 0, 0, 0, 0, 0, 0, 0, 0, 0, 0, 0, 0, 0, 0, 0, 0, 0, 0, 0, 0, 0, 0, 0, 0, 0, 0, 0, 0, 0, 0, 0, 0, 0, 0, 0, 0, 0, 0, 0, 0, 0, 0, 0, 0, 0, 0, 0, 0, 0, 0, 0, 0, 0, 0, 0, 0, 0, 0, 0, 0, 0, 0, 0, 0]
===============================================================================

===============================================================================
LINE 3 BROKE: LACK OF PART STOCK
===============================================================================

===============================================================================
day 11
===============================================================================

===============================================================================
parts buffer status on line 3:RED and buffer = [0, 0, 0, 0, 0, 0, 0, 0, 0, 0, 0, 0, 0, 0, 0, 0, 0, 0, 0, 0, 0, 0, 0, 0, 0, 0, 0, 0, 0, 0, 0, 0, 0, 0, 0, 0, 0, 0, 0, 0, 0, 0, 0, 0, 0, 0, 0, 0, 0, 0, 0, 0, 0, 0, 0, 0, 0, 0, 0, 0, 0, 0, 0, 0, 0, 0, 0, 0, 0, 0, 0, 0, 0, 0, 0, 0, 0, 0, 0, 0, 0, 0, 0, 0, 0, 0, 0, 0, 0, 0, 0, 0, 0, 0, 0, 0, 0, 0, 0, 0]
===============================================================================

===============================================================================
LINE 3 BROKE: LACK OF PART STOCK
===============================================================================

===============================================================================
day 12
===============================================================================

===============================================================================
parts buffer status on line 3:RED and buffer = [0, 0, 0, 0, 0, 0, 0, 0, 0, 0, 0, 0, 0, 0, 0, 0, 0, 0, 0, 0, 0, 0, 0, 0, 0, 0, 0, 0, 0, 0, 0, 0, 0, 0, 0, 0, 0, 0, 0, 0, 0, 0, 0, 0, 0, 0, 0, 0, 0, 0, 0, 0, 0, 0, 0, 0, 0, 0, 0, 0, 0, 0, 0, 0, 0, 0, 0, 0, 0, 0, 0, 0, 0, 0, 0, 0, 0, 0, 0, 0, 0, 0, 0, 0, 0, 0, 0, 0, 0, 0, 0, 0, 0, 0, 0, 0, 0, 0, 0, 0]
===============================================================================

===============================================================================
LINE 3 BROKE: LACK OF PART STOCK
===============================================================================

===============================================================================
day 13
===============================================================================

===============================================================================
parts buffer status on line 3:RED and buffer = [0, 0, 0, 0, 0, 0, 0, 0, 0, 0, 0, 0, 0, 0, 0, 0, 0, 0, 0, 0, 0, 0, 0, 0, 0, 0, 0, 0, 0, 0, 0, 0, 0, 0, 0, 0, 0, 0, 0, 0, 0, 0, 0, 0, 0, 0, 0, 0, 0, 0, 0, 0, 0, 0, 0, 0, 0, 0, 0, 0, 0, 0, 0, 0, 0, 0, 0, 0, 0, 0, 0, 0, 0, 0, 0, 0, 0, 0, 0, 0, 0, 0, 0, 0, 0, 0, 0, 0, 0, 0, 0, 0, 0, 0, 0, 0, 0, 0, 0, 0]
===============================================================================

===============================================================================
LINE 3 BROKE: LACK OF PART STOCK
===============================================================================

===============================================================================
day 14
===============================================================================

===============================================================================
parts buffer status on line 3:RED and buffer = [0, 0, 0, 0, 0, 0, 0, 0, 0, 0, 0, 0, 0, 0, 0, 0, 0, 0, 0, 0, 0, 0, 0, 0, 0, 0, 0, 0, 0, 0, 0, 0, 0, 0, 0, 0, 0, 0, 0, 0, 0, 0, 0, 0, 0, 0, 0, 0, 0, 0, 0, 0, 0, 0, 0, 0, 0, 0, 0, 0, 0, 0, 0, 0, 0, 0, 0, 0, 0, 0, 0, 0, 0, 0, 0, 0, 0, 0, 0, 0, 0, 0, 0, 0, 0, 0, 0, 0, 0, 0, 0, 0, 0, 0, 0, 0, 0, 0, 0, 0]
===============================================================================

===============================================================================
LINE 3 BROKE: LACK OF PART STOCK
===============================================================================

===============================================================================
day 15
===============================================================================

===============================================================================
parts buffer status on line 3:RED and buffer = [0, 0, 0, 0, 0, 0, 0, 0, 0, 0, 0, 0, 0, 0, 0, 0, 0, 0, 0, 0, 0, 0, 0, 0, 0, 0, 0, 0, 0, 0, 0, 0, 0, 0, 0, 0, 0, 0, 0, 0, 0, 0, 0, 0, 0, 0, 0, 0, 0, 0, 0, 0, 0, 0, 0, 0, 0, 0, 0, 0, 0, 0, 0, 0, 0, 0, 0, 0, 0, 0, 0, 0, 0, 0, 0, 0, 0, 0, 0, 0, 0, 0, 0, 0, 0, 0, 0, 0, 0, 0, 0, 0, 0, 0, 0, 0, 0, 0, 0, 0]
===============================================================================

===============================================================================
LINE 3 BROKE: LACK OF PART STOCK
===============================================================================

===============================================================================
day 16
===============================================================================

===============================================================================
parts buffer status on line 3:RED and buffer = [0, 0, 0, 0, 0, 0, 0, 0, 0, 0, 0, 0, 0, 0, 0, 0, 0, 0, 0, 0, 0, 0, 0, 0, 0, 0, 0, 0, 0, 0, 0, 0, 0, 0, 0, 0, 0, 0, 0, 0, 0, 0, 0, 0, 0, 0, 0, 0, 0, 0, 0, 0, 0, 0, 0, 0, 0, 0, 0, 0, 0, 0, 0, 0, 0, 0, 0, 0, 0, 0, 0, 0, 0, 0, 0, 0, 0, 0, 0, 0, 0, 0, 0, 0, 0, 0, 0, 0, 0, 0, 0, 0, 0, 0, 0, 0, 0, 0, 0, 0]
===============================================================================

===============================================================================
LINE 3 BROKE: LACK OF PART STOCK
===============================================================================

===============================================================================
day 17
===============================================================================

===============================================================================
parts buffer status on line 3:RED and buffer = [0, 0, 0, 0, 0, 0, 0, 0, 0, 0, 0, 0, 0, 0, 0, 0, 0, 0, 0, 0, 0, 0, 0, 0, 0, 0, 0, 0, 0, 0, 0, 0, 0, 0, 0, 0, 0, 0, 0, 0, 0, 0, 0, 0, 0, 0, 0, 0, 0, 0, 0, 0, 0, 0, 0, 0, 0, 0, 0, 0, 0, 0, 0, 0, 0, 0, 0, 0, 0, 0, 0, 0, 0, 0, 0, 0, 0, 0, 0, 0, 0, 0, 0, 0, 0, 0, 0, 0, 0, 0, 0, 0, 0, 0, 0, 0, 0, 0, 0, 0]
===============================================================================

===============================================================================
LINE 3 BROKE: LACK OF PART STOCK
===============================================================================

===============================================================================
day 18
===============================================================================

===============================================================================
parts buffer status on line 3:RED and buffer = [0, 0, 0, 0, 0, 0, 0, 0, 0, 0, 0, 0, 0, 0, 0, 0, 0, 0, 0, 0, 0, 0, 0, 0, 0, 0, 0, 0, 0, 0, 0, 0, 0, 0, 0, 0, 0, 0, 0, 0, 0, 0, 0, 0, 0, 0, 0, 0, 0, 0, 0, 0, 0, 0, 0, 0, 0, 0, 0, 0, 0, 0, 0, 0, 0, 0, 0, 0, 0, 0, 0, 0, 0, 0, 0, 0, 0, 0, 0, 0, 0, 0, 0, 0, 0, 0, 0, 0, 0, 0, 0, 0, 0, 0, 0, 0, 0, 0, 0, 0]
===============================================================================

===============================================================================
LINE 3 BROKE: LACK OF PART STOCK
===============================================================================

===============================================================================
day 19
===============================================================================

===============================================================================
parts buffer status on line 3:RED and buffer = [0, 0, 0, 0, 0, 0, 0, 0, 0, 0, 0, 0, 0, 0, 0, 0, 0, 0, 0, 0, 0, 0, 0, 0, 0, 0, 0, 0, 0, 0, 0, 0, 0, 0, 0, 0, 0, 0, 0, 0, 0, 0, 0, 0, 0, 0, 0, 0, 0, 0, 0, 0, 0, 0, 0, 0, 0, 0, 0, 0, 0, 0, 0, 0, 0, 0, 0, 0, 0, 0, 0, 0, 0, 0, 0, 0, 0, 0, 0, 0, 0, 0, 0, 0, 0, 0, 0, 0, 0, 0, 0, 0, 0, 0, 0, 0, 0, 0, 0, 0]
===============================================================================
