
===============================================================================
day 1
===============================================================================

===============================================================================
parts buffer status on line 5:RED and buffer = [0, 0, 0, 0, 0, 0, 0, 0, 0, 0, 0, 0, 0, 0, 0, 0, 0, 0, 0, 0, 0, 0, 0, 0, 0, 0, 0, 0, 0, 0, 0, 0, 0, 0, 0, 0, 0, 0, 0, 0, 0, 0, 0, 0, 0, 0, 0, 0, 0, 0, 0, 0, 0, 0, 0, 0, 0, 0, 0, 0, 0, 0, 0, 0, 0, 0, 0, 0, 0, 0, 0, 0, 0, 0, 0, 0, 0, 0, 0, 0, 0, 0, 0, 0, 0, 0, 0, 0, 0, 0, 0, 0, 0, 0, 0, 0, 0, 0, 0, 0]
===============================================================================

===============================================================================
LINE 5 BROKE: LACK OF PART STOCK
===============================================================================

===============================================================================
day 2
===============================================================================

===============================================================================
parts buffer status on line 5:RED and buffer = [0, 0, 0, 0, 0, 0, 0, 0, 0, 0, 0, 0, 0, 0, 0, 0, 0, 0, 0, 0, 0, 0, 0, 0, 0, 0, 0, 0, 0, 0, 0, 0, 0, 0, 0, 0, 0, 0, 0, 0, 0, 0, 0, 0, 0, 0, 0, 0, 0, 0, 0, 0, 0, 0, 0, 0, 0, 0, 0, 0, 0, 0, 0, 0, 0, 0, 0, 0, 0, 0, 0, 0, 0, 0, 0, 0, 0, 0, 0, 0, 0, 0, 0, 0, 0, 0, 0, 0, 0, 0, 0, 0, 0, 0, 0, 0, 0, 0, 0, 0]
===============================================================================

===============================================================================
LINE 5 BROKE: LACK OF PART STOCK
===============================================================================

===============================================================================
day 3
===============================================================================

===============================================================================
parts buffer status on line 5:RED and buffer = [0, 0, 0, 0, 0, 0, 0, 0, 0, 0, 0, 0, 0, 0, 0, 0, 0, 0, 0, 0, 0, 0, 0, 0, 0, 0, 0, 0, 0, 0, 0, 0, 0, 0, 0, 0, 0, 0, 0, 0, 0, 0, 0, 0, 0, 0, 0, 0, 0, 0, 0, 0, 0, 0, 0, 0, 0, 0, 0, 0, 0, 0, 0, 0, 0, 0, 0, 0, 0, 0, 0, 0, 0, 0, 0, 0, 0, 0, 0, 0, 0, 0, 0, 0, 0, 0, 0, 0, 0, 0, 0, 0, 0, 0, 0, 0, 0, 0, 0, 0]
===============================================================================

===============================================================================
day 4
===============================================================================

===============================================================================
LINE 5 BROKE: LACK OF PART STOCK
===============================================================================

===============================================================================
parts buffer status on line 5:RED and buffer = [0, 0, 0, 0, 0, 0, 0, 0, 0, 0, 0, 0, 0, 0, 0, 0, 0, 0, 0, 0, 0, 0, 0, 0, 0, 0, 0, 0, 0, 0, 0, 0, 0, 0, 0, 0, 0, 0, 0, 0, 0, 0, 0, 0, 0, 0, 0, 0, 0, 0, 0, 0, 0, 0, 0, 0, 0, 0, 0, 0, 0, 0, 0, 0, 0, 0, 0, 0, 0, 0, 0, 0, 0, 0, 0, 0, 0, 0, 0, 0, 0, 0, 0, 0, 0, 0, 0, 0, 0, 0, 0, 0, 0, 0, 0, 0, 0, 0, 0, 0]
===============================================================================

===============================================================================
day 5
===============================================================================

===============================================================================
parts buffer status on line 5:RED and buffer = [0, 0, 0, 0, 0, 0, 0, 0, 0, 0, 0, 0, 0, 0, 0, 0, 0, 0, 0, 0, 0, 0, 0, 0, 0, 0, 0, 0, 0, 0, 0, 0, 0, 0, 0, 0, 0, 0, 0, 0, 0, 0, 0, 0, 0, 0, 0, 0, 0, 0, 0, 0, 0, 0, 0, 0, 0, 0, 0, 0, 0, 0, 0, 0, 0, 0, 0, 0, 0, 0, 0, 0, 0, 0, 0, 0, 0, 0, 0, 0, 0, 0, 0, 0, 0, 0, 0, 0, 0, 0, 0, 0, 0, 0, 0, 0, 0, 0, 0, 0]
===============================================================================

===============================================================================
LINE 5 BROKE: LACK OF PART STOCK
===============================================================================

===============================================================================
day 6
===============================================================================

===============================================================================
parts buffer status on line 5:RED and buffer = [0, 0, 0, 0, 0, 0, 0, 0, 0, 0, 0, 0, 0, 0, 0, 0, 0, 0, 0, 0, 0, 0, 0, 0, 0, 0, 0, 0, 0, 0, 0, 0, 0, 0, 0, 0, 0, 0, 0, 0, 0, 0, 0, 0, 0, 0, 0, 0, 0, 0, 0, 0, 0, 0, 0, 0, 0, 0, 0, 0, 0, 0, 0, 0, 0, 0, 0, 0, 0, 0, 0, 0, 0, 0, 0, 0, 0, 0, 0, 0, 0, 0, 0, 0, 0, 0, 0, 0, 0, 0, 0, 0, 0, 0, 0, 0, 0, 0, 0, 0]
===============================================================================

===============================================================================
LINE 5 BROKE: LACK OF PART STOCK
===============================================================================

===============================================================================
day 7
===============================================================================

===============================================================================
parts buffer status on line 5:RED and buffer = [0, 0, 0, 0, 0, 0, 0, 0, 0, 0, 0, 0, 0, 0, 0, 0, 0, 0, 0, 0, 0, 0, 0, 0, 0, 0, 0, 0, 0, 0, 0, 0, 0, 0, 0, 0, 0, 0, 0, 0, 0, 0, 0, 0, 0, 0, 0, 0, 0, 0, 0, 0, 0, 0, 0, 0, 0, 0, 0, 0, 0, 0, 0, 0, 0, 0, 0, 0, 0, 0, 0, 0, 0, 0, 0, 0, 0, 0, 0, 0, 0, 0, 0, 0, 0, 0, 0, 0, 0, 0, 0, 0, 0, 0, 0, 0, 0, 0, 0, 0]
===============================================================================

===============================================================================
LINE 5 BROKE: LACK OF PART STOCK
===============================================================================

===============================================================================
day 8
===============================================================================

===============================================================================
parts buffer status on line 5:RED and buffer = [0, 0, 0, 0, 0, 0, 0, 0, 0, 0, 0, 0, 0, 0, 0, 0, 0, 0, 0, 0, 0, 0, 0, 0, 0, 0, 0, 0, 0, 0, 0, 0, 0, 0, 0, 0, 0, 0, 0, 0, 0, 0, 0, 0, 0, 0, 0, 0, 0, 0, 0, 0, 0, 0, 0, 0, 0, 0, 0, 0, 0, 0, 0, 0, 0, 0, 0, 0, 0, 0, 0, 0, 0, 0, 0, 0, 0, 0, 0, 0, 0, 0, 0, 0, 0, 0, 0, 0, 0, 0, 0, 0, 0, 0, 0, 0, 0, 0, 0, 0]
===============================================================================

===============================================================================
LINE 5 BROKE: LACK OF PART STOCK
===============================================================================

===============================================================================
day 9
===============================================================================

===============================================================================
parts buffer status on line 5:RED and buffer = [0, 0, 0, 0, 0, 0, 0, 0, 0, 0, 0, 0, 0, 0, 0, 0, 0, 0, 0, 0, 0, 0, 0, 0, 0, 0, 0, 0, 0, 0, 0, 0, 0, 0, 0, 0, 0, 0, 0, 0, 0, 0, 0, 0, 0, 0, 0, 0, 0, 0, 0, 0, 0, 0, 0, 0, 0, 0, 0, 0, 0, 0, 0, 0, 0, 0, 0, 0, 0, 0, 0, 0, 0, 0, 0, 0, 0, 0, 0, 0, 0, 0, 0, 0, 0, 0, 0, 0, 0, 0, 0, 0, 0, 0, 0, 0, 0, 0, 0, 0]
===============================================================================

===============================================================================
LINE 5 BROKE: LACK OF PART STOCK
===============================================================================

===============================================================================
day 10
===============================================================================

===============================================================================
parts buffer status on line 5:RED and buffer = [0, 0, 0, 0, 0, 0, 0, 0, 0, 0, 0, 0, 0, 0, 0, 0, 0, 0, 0, 0, 0, 0, 0, 0, 0, 0, 0, 0, 0, 0, 0, 0, 0, 0, 0, 0, 0, 0, 0, 0, 0, 0, 0, 0, 0, 0, 0, 0, 0, 0, 0, 0, 0, 0, 0, 0, 0, 0, 0, 0, 0, 0, 0, 0, 0, 0, 0, 0, 0, 0, 0, 0, 0, 0, 0, 0, 0, 0, 0, 0, 0, 0, 0, 0, 0, 0, 0, 0, 0, 0, 0, 0, 0, 0, 0, 0, 0, 0, 0, 0]
===============================================================================

===============================================================================
LINE 5 BROKE: LACK OF PART STOCK
===============================================================================

===============================================================================
day 11
===============================================================================

===============================================================================
parts buffer status on line 5:RED and buffer = [0, 0, 0, 0, 0, 0, 0, 0, 0, 0, 0, 0, 0, 0, 0, 0, 0, 0, 0, 0, 0, 0, 0, 0, 0, 0, 0, 0, 0, 0, 0, 0, 0, 0, 0, 0, 0, 0, 0, 0, 0, 0, 0, 0, 0, 0, 0, 0, 0, 0, 0, 0, 0, 0, 0, 0, 0, 0, 0, 0, 0, 0, 0, 0, 0, 0, 0, 0, 0, 0, 0, 0, 0, 0, 0, 0, 0, 0, 0, 0, 0, 0, 0, 0, 0, 0, 0, 0, 0, 0, 0, 0, 0, 0, 0, 0, 0, 0, 0, 0]
===============================================================================

===============================================================================
LINE 5 BROKE: LACK OF PART STOCK
===============================================================================

===============================================================================
day 12
===============================================================================

===============================================================================
parts buffer status on line 5:RED and buffer = [0, 0, 0, 0, 0, 0, 0, 0, 0, 0, 0, 0, 0, 0, 0, 0, 0, 0, 0, 0, 0, 0, 0, 0, 0, 0, 0, 0, 0, 0, 0, 0, 0, 0, 0, 0, 0, 0, 0, 0, 0, 0, 0, 0, 0, 0, 0, 0, 0, 0, 0, 0, 0, 0, 0, 0, 0, 0, 0, 0, 0, 0, 0, 0, 0, 0, 0, 0, 0, 0, 0, 0, 0, 0, 0, 0, 0, 0, 0, 0, 0, 0, 0, 0, 0, 0, 0, 0, 0, 0, 0, 0, 0, 0, 0, 0, 0, 0, 0, 0]
===============================================================================

===============================================================================
LINE 5 BROKE: LACK OF PART STOCK
===============================================================================

===============================================================================
day 13
===============================================================================

===============================================================================
parts buffer status on line 5:RED and buffer = [0, 0, 0, 0, 0, 0, 0, 0, 0, 0, 0, 0, 0, 0, 0, 0, 0, 0, 0, 0, 0, 0, 0, 0, 0, 0, 0, 0, 0, 0, 0, 0, 0, 0, 0, 0, 0, 0, 0, 0, 0, 0, 0, 0, 0, 0, 0, 0, 0, 0, 0, 0, 0, 0, 0, 0, 0, 0, 0, 0, 0, 0, 0, 0, 0, 0, 0, 0, 0, 0, 0, 0, 0, 0, 0, 0, 0, 0, 0, 0, 0, 0, 0, 0, 0, 0, 0, 0, 0, 0, 0, 0, 0, 0, 0, 0, 0, 0, 0, 0]
===============================================================================

===============================================================================
LINE 5 BROKE: LACK OF PART STOCK
===============================================================================

===============================================================================
day 14
===============================================================================

===============================================================================
parts buffer status on line 5:RED and buffer = [0, 0, 0, 0, 0, 0, 0, 0, 0, 0, 0, 0, 0, 0, 0, 0, 0, 0, 0, 0, 0, 0, 0, 0, 0, 0, 0, 0, 0, 0, 0, 0, 0, 0, 0, 0, 0, 0, 0, 0, 0, 0, 0, 0, 0, 0, 0, 0, 0, 0, 0, 0, 0, 0, 0, 0, 0, 0, 0, 0, 0, 0, 0, 0, 0, 0, 0, 0, 0, 0, 0, 0, 0, 0, 0, 0, 0, 0, 0, 0, 0, 0, 0, 0, 0, 0, 0, 0, 0, 0, 0, 0, 0, 0, 0, 0, 0, 0, 0, 0]
===============================================================================

===============================================================================
LINE 5 BROKE: LACK OF PART STOCK
===============================================================================

===============================================================================
day 15
===============================================================================

===============================================================================
parts buffer status on line 5:RED and buffer = [0, 0, 0, 0, 0, 0, 0, 0, 0, 0, 0, 0, 0, 0, 0, 0, 0, 0, 0, 0, 0, 0, 0, 0, 0, 0, 0, 0, 0, 0, 0, 0, 0, 0, 0, 0, 0, 0, 0, 0, 0, 0, 0, 0, 0, 0, 0, 0, 0, 0, 0, 0, 0, 0, 0, 0, 0, 0, 0, 0, 0, 0, 0, 0, 0, 0, 0, 0, 0, 0, 0, 0, 0, 0, 0, 0, 0, 0, 0, 0, 0, 0, 0, 0, 0, 0, 0, 0, 0, 0, 0, 0, 0, 0, 0, 0, 0, 0, 0, 0]
===============================================================================

===============================================================================
LINE 5 BROKE: LACK OF PART STOCK
===============================================================================

===============================================================================
day 16
===============================================================================

===============================================================================
parts buffer status on line 5:RED and buffer = [0, 0, 0, 0, 0, 0, 0, 0, 0, 0, 0, 0, 0, 0, 0, 0, 0, 0, 0, 0, 0, 0, 0, 0, 0, 0, 0, 0, 0, 0, 0, 0, 0, 0, 0, 0, 0, 0, 0, 0, 0, 0, 0, 0, 0, 0, 0, 0, 0, 0, 0, 0, 0, 0, 0, 0, 0, 0, 0, 0, 0, 0, 0, 0, 0, 0, 0, 0, 0, 0, 0, 0, 0, 0, 0, 0, 0, 0, 0, 0, 0, 0, 0, 0, 0, 0, 0, 0, 0, 0, 0, 0, 0, 0, 0, 0, 0, 0, 0, 0]
===============================================================================

===============================================================================
LINE 5 BROKE: LACK OF PART STOCK
===============================================================================

===============================================================================
day 17
===============================================================================

===============================================================================
parts buffer status on line 5:RED and buffer = [0, 0, 0, 0, 0, 0, 0, 0, 0, 0, 0, 0, 0, 0, 0, 0, 0, 0, 0, 0, 0, 0, 0, 0, 0, 0, 0, 0, 0, 0, 0, 0, 0, 0, 0, 0, 0, 0, 0, 0, 0, 0, 0, 0, 0, 0, 0, 0, 0, 0, 0, 0, 0, 0, 0, 0, 0, 0, 0, 0, 0, 0, 0, 0, 0, 0, 0, 0, 0, 0, 0, 0, 0, 0, 0, 0, 0, 0, 0, 0, 0, 0, 0, 0, 0, 0, 0, 0, 0, 0, 0, 0, 0, 0, 0, 0, 0, 0, 0, 0]
===============================================================================

===============================================================================
LINE 5 BROKE: LACK OF PART STOCK
===============================================================================

===============================================================================
day 18
===============================================================================

===============================================================================
parts buffer status on line 5:RED and buffer = [0, 0, 0, 0, 0, 0, 0, 0, 0, 0, 0, 0, 0, 0, 0, 0, 0, 0, 0, 0, 0, 0, 0, 0, 0, 0, 0, 0, 0, 0, 0, 0, 0, 0, 0, 0, 0, 0, 0, 0, 0, 0, 0, 0, 0, 0, 0, 0, 0, 0, 0, 0, 0, 0, 0, 0, 0, 0, 0, 0, 0, 0, 0, 0, 0, 0, 0, 0, 0, 0, 0, 0, 0, 0, 0, 0, 0, 0, 0, 0, 0, 0, 0, 0, 0, 0, 0, 0, 0, 0, 0, 0, 0, 0, 0, 0, 0, 0, 0, 0]
===============================================================================

===============================================================================
LINE 5 BROKE: LACK OF PART STOCK
===============================================================================

===============================================================================
day 19
===============================================================================

===============================================================================
parts buffer status on line 5:RED and buffer = [0, 0, 0, 0, 0, 0, 0, 0, 0, 0, 0, 0, 0, 0, 0, 0, 0, 0, 0, 0, 0, 0, 0, 0, 0, 0, 0, 0, 0, 0, 0, 0, 0, 0, 0, 0, 0, 0, 0, 0, 0, 0, 0, 0, 0, 0, 0, 0, 0, 0, 0, 0, 0, 0, 0, 0, 0, 0, 0, 0, 0, 0, 0, 0, 0, 0, 0, 0, 0, 0, 0, 0, 0, 0, 0, 0, 0, 0, 0, 0, 0, 0, 0, 0, 0, 0, 0, 0, 0, 0, 0, 0, 0, 0, 0, 0, 0, 0, 0, 0]
===============================================================================

===============================================================================
LINE 5 BROKE: LACK OF PART STOCK
===============================================================================

===============================================================================
day 20
===============================================================================

===============================================================================
parts buffer status on line 5:RED and buffer = [0, 0, 0, 0, 0, 0, 0, 0, 0, 0, 0, 0, 0, 0, 0, 0, 0, 0, 0, 0, 0, 0, 0, 0, 0, 0, 0, 0, 0, 0, 0, 0, 0, 0, 0, 0, 0, 0, 0, 0, 0, 0, 0, 0, 0, 0, 0, 0, 0, 0, 0, 0, 0, 0, 0, 0, 0, 0, 0, 0, 0, 0, 0, 0, 0, 0, 0, 0, 0, 0, 0, 0, 0, 0, 0, 0, 0, 0, 0, 0, 0, 0, 0, 0, 0, 0, 0, 0, 0, 0, 0, 0, 0, 0, 0, 0, 0, 0, 0, 0]
===============================================================================

===============================================================================
LINE 5 BROKE: LACK OF PART STOCK
===============================================================================

===============================================================================
day 21
===============================================================================

===============================================================================
parts buffer status on line 5:RED and buffer = [0, 0, 0, 0, 0, 0, 0, 0, 0, 0, 0, 0, 0, 0, 0, 0, 0, 0, 0, 0, 0, 0, 0, 0, 0, 0, 0, 0, 0, 0, 0, 0, 0, 0, 0, 0, 0, 0, 0, 0, 0, 0, 0, 0, 0, 0, 0, 0, 0, 0, 0, 0, 0, 0, 0, 0, 0, 0, 0, 0, 0, 0, 0, 0, 0, 0, 0, 0, 0, 0, 0, 0, 0, 0, 0, 0, 0, 0, 0, 0, 0, 0, 0, 0, 0, 0, 0, 0, 0, 0, 0, 0, 0, 0, 0, 0, 0, 0, 0, 0]
===============================================================================

===============================================================================
LINE 5 BROKE: LACK OF PART STOCK
===============================================================================

===============================================================================
day 1
===============================================================================

===============================================================================
parts buffer status on line 5:RED and buffer = [0, 0, 0, 0, 0, 0, 0, 0, 0, 0, 0, 0, 0, 0, 0, 0, 0, 0, 0, 0, 0, 0, 0, 0, 0, 0, 0, 0, 0, 0, 0, 0, 0, 0, 0, 0, 0, 0, 0, 0, 0, 0, 0, 0, 0, 0, 0, 0, 0, 0, 0, 0, 0, 0, 0, 0, 0, 0, 0, 0, 0, 0, 0, 0, 0, 0, 0, 0, 0, 0, 0, 0, 0, 0, 0, 0, 0, 0, 0, 0, 0, 0, 0, 0, 0, 0, 0, 0, 0, 0, 0, 0, 0, 0, 0, 0, 0, 0, 0, 0]
===============================================================================

===============================================================================
received parts! updated parts buffer [1440, 1440, 1440, 1440, 1440, 1440, 1440, 1440, 1440, 1440, 1440, 1440, 1440, 1440, 1440, 1440, 1440, 1440, 1440, 1440, 1440, 1440, 1440, 1440, 1440, 1440, 1440, 1440, 1440, 1440, 1440, 1440, 1440, 1440, 1440, 1440, 1440, 1440, 1440, 1440, 1440, 1440, 1440, 1440, 1440, 1440, 1440, 1440, 1440, 1440, 1440, 1440, 1440, 1440, 1440, 1440, 1440, 1440, 1440, 1440, 1440, 1440, 1440, 1440, 1440, 1440, 1440, 1440, 1440, 1440, 1440, 1440, 1440, 1440, 1440, 1440, 1440, 1440, 1440, 1440, 1440, 1440, 1440, 1440, 1440, 1440, 1440, 1440, 1440, 1440, 1440, 1440, 1440, 1440, 1440, 1440, 1440, 1440, 1440, 1440]
===============================================================================

===============================================================================
day 2
===============================================================================

===============================================================================
parts buffer status on line 5:GREEN and buffer = [1440, 1440, 1440, 1440, 1440, 1440, 1440, 1440, 1440, 1440, 1440, 1440, 1440, 1440, 1440, 1440, 1440, 1440, 1440, 1440, 1440, 1440, 1440, 1440, 1440, 1440, 1440, 1440, 1440, 1440, 1440, 1440, 1440, 1440, 1440, 1440, 1440, 1440, 1440, 1440, 1440, 1440, 1440, 1440, 1440, 1440, 1440, 1440, 1440, 1440, 1440, 1440, 1440, 1440, 1440, 1440, 1440, 1440, 1440, 1440, 1440, 1440, 1440, 1440, 1440, 1440, 1440, 1440, 1440, 1440, 1440, 1440, 1440, 1440, 1440, 1440, 1440, 1440, 1440, 1440, 1440, 1440, 1440, 1440, 1440, 1440, 1440, 1440, 1440, 1440, 1440, 1440, 1440, 1440, 1440, 1440, 1440, 1440, 1440, 1440]
===============================================================================

===============================================================================
order of product 4 sent
===============================================================================

===============================================================================
updated parts buffer [1344, 1344, 1344, 1344, 1344, 1344, 1344, 1344, 1344, 1344, 1344, 1344, 1344, 1344, 1344, 1344, 1344, 1344, 1344, 1344, 1344, 1344, 1344, 1344, 1344, 1344, 1344, 1344, 1344, 1344, 1344, 1344, 1344, 1344, 1344, 1344, 1344, 1344, 1344, 1344, 1344, 1344, 1344, 1344, 1344, 1344, 1344, 1344, 1344, 1344, 1440, 1440, 1344, 1440, 1440, 1344, 1440, 1344, 1344, 1440, 1440, 1440, 1344, 1440, 1440, 1440, 1440, 1344, 1440, 1440, 1440, 1344, 1440, 1440, 1344, 1344, 1440, 1440, 1344, 1344, 1344, 1440, 1440, 1440, 1440, 1440, 1440, 1344, 1344, 1440, 1344, 1344, 1440, 1344, 1344, 1344, 1344, 1344, 1344, 1344]
===============================================================================

===============================================================================
day 3
===============================================================================

===============================================================================
parts buffer status on line 5:GREEN and buffer = [1344, 1344, 1344, 1344, 1344, 1344, 1344, 1344, 1344, 1344, 1344, 1344, 1344, 1344, 1344, 1344, 1344, 1344, 1344, 1344, 1344, 1344, 1344, 1344, 1344, 1344, 1344, 1344, 1344, 1344, 1344, 1344, 1344, 1344, 1344, 1344, 1344, 1344, 1344, 1344, 1344, 1344, 1344, 1344, 1344, 1344, 1344, 1344, 1344, 1344, 1440, 1440, 1344, 1440, 1440, 1344, 1440, 1344, 1344, 1440, 1440, 1440, 1344, 1440, 1440, 1440, 1440, 1344, 1440, 1440, 1440, 1344, 1440, 1440, 1344, 1344, 1440, 1440, 1344, 1344, 1344, 1440, 1440, 1440, 1440, 1440, 1440, 1344, 1344, 1440, 1344, 1344, 1440, 1344, 1344, 1344, 1344, 1344, 1344, 1344]
===============================================================================

===============================================================================
order of product 5 sent
===============================================================================

===============================================================================
updated parts buffer [1248, 1248, 1248, 1248, 1248, 1248, 1248, 1248, 1248, 1248, 1248, 1248, 1248, 1248, 1248, 1248, 1248, 1248, 1248, 1248, 1248, 1248, 1248, 1248, 1248, 1248, 1248, 1248, 1248, 1248, 1248, 1248, 1248, 1248, 1248, 1248, 1248, 1248, 1248, 1248, 1248, 1248, 1248, 1248, 1344, 1248, 1344, 1344, 1248, 1344, 1344, 1344, 1344, 1344, 1440, 1248, 1440, 1248, 1344, 1344, 1440, 1440, 1248, 1440, 1440, 1344, 1440, 1248, 1440, 1344, 1440, 1248, 1440, 1344, 1248, 1248, 1344, 1344, 1344, 1344, 1344, 1440, 1344, 1344, 1440, 1344, 1344, 1248, 1248, 1440, 1248, 1248, 1344, 1248, 1248, 1248, 1344, 1248, 1344, 1248]
===============================================================================

===============================================================================
day 4
===============================================================================

===============================================================================
parts buffer status on line 5:GREEN and buffer = [1248, 1248, 1248, 1248, 1248, 1248, 1248, 1248, 1248, 1248, 1248, 1248, 1248, 1248, 1248, 1248, 1248, 1248, 1248, 1248, 1248, 1248, 1248, 1248, 1248, 1248, 1248, 1248, 1248, 1248, 1248, 1248, 1248, 1248, 1248, 1248, 1248, 1248, 1248, 1248, 1248, 1248, 1248, 1248, 1344, 1248, 1344, 1344, 1248, 1344, 1344, 1344, 1344, 1344, 1440, 1248, 1440, 1248, 1344, 1344, 1440, 1440, 1248, 1440, 1440, 1344, 1440, 1248, 1440, 1344, 1440, 1248, 1440, 1344, 1248, 1248, 1344, 1344, 1344, 1344, 1344, 1440, 1344, 1344, 1440, 1344, 1344, 1248, 1248, 1440, 1248, 1248, 1344, 1248, 1248, 1248, 1344, 1248, 1344, 1248]
===============================================================================

===============================================================================
order of product 3 sent
===============================================================================

===============================================================================
updated parts buffer [1152, 1152, 1152, 1152, 1152, 1152, 1152, 1152, 1152, 1152, 1152, 1152, 1152, 1152, 1152, 1152, 1152, 1152, 1152, 1152, 1152, 1152, 1152, 1152, 1152, 1152, 1152, 1152, 1152, 1152, 1152, 1152, 1152, 1152, 1152, 1152, 1152, 1152, 1152, 1152, 1152, 1152, 1152, 1248, 1344, 1152, 1344, 1248, 1248, 1344, 1344, 1344, 1344, 1344, 1344, 1152, 1440, 1248, 1248, 1344, 1344, 1344, 1248, 1440, 1344, 1248, 1440, 1248, 1344, 1248, 1440, 1248, 1344, 1344, 1152, 1152, 1248, 1344, 1344, 1248, 1248, 1440, 1248, 1248, 1440, 1344, 1248, 1152, 1152, 1440, 1152, 1248, 1344, 1248, 1248, 1248, 1344, 1248, 1248, 1152]
===============================================================================

===============================================================================
day 5
===============================================================================

===============================================================================
parts buffer status on line 5:GREEN and buffer = [1152, 1152, 1152, 1152, 1152, 1152, 1152, 1152, 1152, 1152, 1152, 1152, 1152, 1152, 1152, 1152, 1152, 1152, 1152, 1152, 1152, 1152, 1152, 1152, 1152, 1152, 1152, 1152, 1152, 1152, 1152, 1152, 1152, 1152, 1152, 1152, 1152, 1152, 1152, 1152, 1152, 1152, 1152, 1248, 1344, 1152, 1344, 1248, 1248, 1344, 1344, 1344, 1344, 1344, 1344, 1152, 1440, 1248, 1248, 1344, 1344, 1344, 1248, 1440, 1344, 1248, 1440, 1248, 1344, 1248, 1440, 1248, 1344, 1344, 1152, 1152, 1248, 1344, 1344, 1248, 1248, 1440, 1248, 1248, 1440, 1344, 1248, 1152, 1152, 1440, 1152, 1248, 1344, 1248, 1248, 1248, 1344, 1248, 1248, 1152]
===============================================================================

===============================================================================
order of product 2 sent
===============================================================================

===============================================================================
updated parts buffer [1056, 1056, 1056, 1056, 1056, 1056, 1056, 1056, 1056, 1056, 1056, 1056, 1056, 1056, 1056, 1056, 1056, 1056, 1056, 1056, 1056, 1056, 1056, 1056, 1056, 1056, 1056, 1056, 1056, 1056, 1056, 1056, 1056, 1056, 1056, 1056, 1056, 1056, 1056, 1056, 1056, 1056, 1056, 1152, 1344, 1152, 1344, 1248, 1248, 1248, 1248, 1344, 1344, 1344, 1248, 1056, 1440, 1248, 1248, 1344, 1248, 1248, 1152, 1440, 1344, 1248, 1440, 1152, 1344, 1248, 1344, 1152, 1344, 1344, 1056, 1152, 1248, 1248, 1344, 1248, 1248, 1440, 1152, 1152, 1344, 1344, 1248, 1152, 1056, 1440, 1056, 1248, 1248, 1248, 1152, 1248, 1344, 1152, 1248, 1056]
===============================================================================

===============================================================================
day 6
===============================================================================

===============================================================================
parts buffer status on line 5:GREEN and buffer = [1056, 1056, 1056, 1056, 1056, 1056, 1056, 1056, 1056, 1056, 1056, 1056, 1056, 1056, 1056, 1056, 1056, 1056, 1056, 1056, 1056, 1056, 1056, 1056, 1056, 1056, 1056, 1056, 1056, 1056, 1056, 1056, 1056, 1056, 1056, 1056, 1056, 1056, 1056, 1056, 1056, 1056, 1056, 1152, 1344, 1152, 1344, 1248, 1248, 1248, 1248, 1344, 1344, 1344, 1248, 1056, 1440, 1248, 1248, 1344, 1248, 1248, 1152, 1440, 1344, 1248, 1440, 1152, 1344, 1248, 1344, 1152, 1344, 1344, 1056, 1152, 1248, 1248, 1344, 1248, 1248, 1440, 1152, 1152, 1344, 1344, 1248, 1152, 1056, 1440, 1056, 1248, 1248, 1248, 1152, 1248, 1344, 1152, 1248, 1056]
===============================================================================

===============================================================================
order of product 3 sent
===============================================================================

===============================================================================
updated parts buffer [960, 960, 960, 960, 960, 960, 960, 960, 960, 960, 960, 960, 960, 960, 960, 960, 960, 960, 960, 960, 960, 960, 960, 960, 960, 960, 960, 960, 960, 960, 960, 960, 960, 960, 960, 960, 960, 960, 960, 960, 960, 960, 960, 1152, 1344, 1056, 1344, 1152, 1248, 1248, 1248, 1344, 1344, 1344, 1152, 960, 1440, 1248, 1152, 1344, 1152, 1152, 1152, 1440, 1248, 1152, 1440, 1152, 1248, 1152, 1344, 1152, 1248, 1344, 960, 1056, 1152, 1248, 1344, 1152, 1152, 1440, 1056, 1056, 1344, 1344, 1152, 1056, 960, 1440, 960, 1248, 1248, 1248, 1152, 1248, 1344, 1152, 1152, 960]
===============================================================================

===============================================================================
day 7
===============================================================================

===============================================================================
parts buffer status on line 5:GREEN and buffer = [960, 960, 960, 960, 960, 960, 960, 960, 960, 960, 960, 960, 960, 960, 960, 960, 960, 960, 960, 960, 960, 960, 960, 960, 960, 960, 960, 960, 960, 960, 960, 960, 960, 960, 960, 960, 960, 960, 960, 960, 960, 960, 960, 1152, 1344, 1056, 1344, 1152, 1248, 1248, 1248, 1344, 1344, 1344, 1152, 960, 1440, 1248, 1152, 1344, 1152, 1152, 1152, 1440, 1248, 1152, 1440, 1152, 1248, 1152, 1344, 1152, 1248, 1344, 960, 1056, 1152, 1248, 1344, 1152, 1152, 1440, 1056, 1056, 1344, 1344, 1152, 1056, 960, 1440, 960, 1248, 1248, 1248, 1152, 1248, 1344, 1152, 1152, 960]
===============================================================================

===============================================================================
day 8
===============================================================================

===============================================================================
parts buffer status on line 5:GREEN and buffer = [960, 960, 960, 960, 960, 960, 960, 960, 960, 960, 960, 960, 960, 960, 960, 960, 960, 960, 960, 960, 960, 960, 960, 960, 960, 960, 960, 960, 960, 960, 960, 960, 960, 960, 960, 960, 960, 960, 960, 960, 960, 960, 960, 1152, 1344, 1056, 1344, 1152, 1248, 1248, 1248, 1344, 1344, 1344, 1152, 960, 1440, 1248, 1152, 1344, 1152, 1152, 1152, 1440, 1248, 1152, 1440, 1152, 1248, 1152, 1344, 1152, 1248, 1344, 960, 1056, 1152, 1248, 1344, 1152, 1152, 1440, 1056, 1056, 1344, 1344, 1152, 1056, 960, 1440, 960, 1248, 1248, 1248, 1152, 1248, 1344, 1152, 1152, 960]
===============================================================================

===============================================================================
order of product 3 sent
===============================================================================

===============================================================================
updated parts buffer [864, 864, 864, 864, 864, 864, 864, 864, 864, 864, 864, 864, 864, 864, 864, 864, 864, 864, 864, 864, 864, 864, 864, 864, 864, 864, 864, 864, 864, 864, 864, 864, 864, 864, 864, 864, 864, 864, 864, 864, 864, 864, 864, 1152, 1344, 960, 1344, 1056, 1248, 1248, 1248, 1344, 1344, 1344, 1056, 864, 1440, 1248, 1056, 1344, 1056, 1056, 1152, 1440, 1152, 1056, 1440, 1152, 1152, 1056, 1344, 1152, 1152, 1344, 864, 960, 1056, 1248, 1344, 1056, 1056, 1440, 960, 960, 1344, 1344, 1056, 960, 864, 1440, 864, 1248, 1248, 1248, 1152, 1248, 1344, 1152, 1056, 864]
===============================================================================

===============================================================================
day 9
===============================================================================

===============================================================================
parts buffer status on line 5:GREEN and buffer = [864, 864, 864, 864, 864, 864, 864, 864, 864, 864, 864, 864, 864, 864, 864, 864, 864, 864, 864, 864, 864, 864, 864, 864, 864, 864, 864, 864, 864, 864, 864, 864, 864, 864, 864, 864, 864, 864, 864, 864, 864, 864, 864, 1152, 1344, 960, 1344, 1056, 1248, 1248, 1248, 1344, 1344, 1344, 1056, 864, 1440, 1248, 1056, 1344, 1056, 1056, 1152, 1440, 1152, 1056, 1440, 1152, 1152, 1056, 1344, 1152, 1152, 1344, 864, 960, 1056, 1248, 1344, 1056, 1056, 1440, 960, 960, 1344, 1344, 1056, 960, 864, 1440, 864, 1248, 1248, 1248, 1152, 1248, 1344, 1152, 1056, 864]
===============================================================================

===============================================================================
order of product 1 sent
===============================================================================

===============================================================================
updated parts buffer [768, 768, 768, 768, 768, 768, 768, 768, 768, 768, 768, 768, 768, 768, 768, 768, 768, 768, 768, 768, 768, 768, 768, 768, 768, 768, 768, 768, 768, 768, 768, 768, 768, 768, 768, 768, 768, 768, 768, 768, 768, 768, 768, 1056, 1344, 864, 1344, 1056, 1248, 1248, 1248, 1344, 1344, 1344, 960, 768, 1344, 1248, 1056, 1344, 960, 1056, 1152, 1440, 1152, 1056, 1440, 1152, 1152, 1056, 1248, 1056, 1152, 1344, 864, 960, 960, 1152, 1248, 1056, 1056, 1440, 960, 960, 1344, 1248, 1056, 960, 768, 1440, 768, 1152, 1152, 1152, 1056, 1248, 1248, 1152, 960, 864]
===============================================================================

===============================================================================
day 10
===============================================================================

===============================================================================
parts buffer status on line 5:GREEN and buffer = [768, 768, 768, 768, 768, 768, 768, 768, 768, 768, 768, 768, 768, 768, 768, 768, 768, 768, 768, 768, 768, 768, 768, 768, 768, 768, 768, 768, 768, 768, 768, 768, 768, 768, 768, 768, 768, 768, 768, 768, 768, 768, 768, 1056, 1344, 864, 1344, 1056, 1248, 1248, 1248, 1344, 1344, 1344, 960, 768, 1344, 1248, 1056, 1344, 960, 1056, 1152, 1440, 1152, 1056, 1440, 1152, 1152, 1056, 1248, 1056, 1152, 1344, 864, 960, 960, 1152, 1248, 1056, 1056, 1440, 960, 960, 1344, 1248, 1056, 960, 768, 1440, 768, 1152, 1152, 1152, 1056, 1248, 1248, 1152, 960, 864]
===============================================================================

===============================================================================
order of product 3 sent
===============================================================================

===============================================================================
updated parts buffer [672, 672, 672, 672, 672, 672, 672, 672, 672, 672, 672, 672, 672, 672, 672, 672, 672, 672, 672, 672, 672, 672, 672, 672, 672, 672, 672, 672, 672, 672, 672, 672, 672, 672, 672, 672, 672, 672, 672, 672, 672, 672, 672, 1056, 1344, 768, 1344, 960, 1248, 1248, 1248, 1344, 1344, 1344, 864, 672, 1344, 1248, 960, 1344, 864, 960, 1152, 1440, 1056, 960, 1440, 1152, 1056, 960, 1248, 1056, 1056, 1344, 768, 864, 864, 1152, 1248, 960, 960, 1440, 864, 864, 1344, 1248, 960, 864, 672, 1440, 672, 1152, 1152, 1152, 1056, 1248, 1248, 1152, 864, 768]
===============================================================================

===============================================================================
day 11
===============================================================================

===============================================================================
parts buffer status on line 5:GREEN and buffer = [672, 672, 672, 672, 672, 672, 672, 672, 672, 672, 672, 672, 672, 672, 672, 672, 672, 672, 672, 672, 672, 672, 672, 672, 672, 672, 672, 672, 672, 672, 672, 672, 672, 672, 672, 672, 672, 672, 672, 672, 672, 672, 672, 1056, 1344, 768, 1344, 960, 1248, 1248, 1248, 1344, 1344, 1344, 864, 672, 1344, 1248, 960, 1344, 864, 960, 1152, 1440, 1056, 960, 1440, 1152, 1056, 960, 1248, 1056, 1056, 1344, 768, 864, 864, 1152, 1248, 960, 960, 1440, 864, 864, 1344, 1248, 960, 864, 672, 1440, 672, 1152, 1152, 1152, 1056, 1248, 1248, 1152, 864, 768]
===============================================================================

===============================================================================
order of product 3 sent
===============================================================================

===============================================================================
updated parts buffer [576, 576, 576, 576, 576, 576, 576, 576, 576, 576, 576, 576, 576, 576, 576, 576, 576, 576, 576, 576, 576, 576, 576, 576, 576, 576, 576, 576, 576, 576, 576, 576, 576, 576, 576, 576, 576, 576, 576, 576, 576, 576, 576, 1056, 1344, 672, 1344, 864, 1248, 1248, 1248, 1344, 1344, 1344, 768, 576, 1344, 1248, 864, 1344, 768, 864, 1152, 1440, 960, 864, 1440, 1152, 960, 864, 1248, 1056, 960, 1344, 672, 768, 768, 1152, 1248, 864, 864, 1440, 768, 768, 1344, 1248, 864, 768, 576, 1440, 576, 1152, 1152, 1152, 1056, 1248, 1248, 1152, 768, 672]
===============================================================================

===============================================================================
day 12
===============================================================================

===============================================================================
parts buffer status on line 5:GREEN and buffer = [576, 576, 576, 576, 576, 576, 576, 576, 576, 576, 576, 576, 576, 576, 576, 576, 576, 576, 576, 576, 576, 576, 576, 576, 576, 576, 576, 576, 576, 576, 576, 576, 576, 576, 576, 576, 576, 576, 576, 576, 576, 576, 576, 1056, 1344, 672, 1344, 864, 1248, 1248, 1248, 1344, 1344, 1344, 768, 576, 1344, 1248, 864, 1344, 768, 864, 1152, 1440, 960, 864, 1440, 1152, 960, 864, 1248, 1056, 960, 1344, 672, 768, 768, 1152, 1248, 864, 864, 1440, 768, 768, 1344, 1248, 864, 768, 576, 1440, 576, 1152, 1152, 1152, 1056, 1248, 1248, 1152, 768, 672]
===============================================================================

===============================================================================
order of product 3 sent
===============================================================================

===============================================================================
updated parts buffer [480, 480, 480, 480, 480, 480, 480, 480, 480, 480, 480, 480, 480, 480, 480, 480, 480, 480, 480, 480, 480, 480, 480, 480, 480, 480, 480, 480, 480, 480, 480, 480, 480, 480, 480, 480, 480, 480, 480, 480, 480, 480, 480, 1056, 1344, 576, 1344, 768, 1248, 1248, 1248, 1344, 1344, 1344, 672, 480, 1344, 1248, 768, 1344, 672, 768, 1152, 1440, 864, 768, 1440, 1152, 864, 768, 1248, 1056, 864, 1344, 576, 672, 672, 1152, 1248, 768, 768, 1440, 672, 672, 1344, 1248, 768, 672, 480, 1440, 480, 1152, 1152, 1152, 1056, 1248, 1248, 1152, 672, 576]
===============================================================================

===============================================================================
day 13
===============================================================================

===============================================================================
parts buffer status on line 5:GREEN and buffer = [480, 480, 480, 480, 480, 480, 480, 480, 480, 480, 480, 480, 480, 480, 480, 480, 480, 480, 480, 480, 480, 480, 480, 480, 480, 480, 480, 480, 480, 480, 480, 480, 480, 480, 480, 480, 480, 480, 480, 480, 480, 480, 480, 1056, 1344, 576, 1344, 768, 1248, 1248, 1248, 1344, 1344, 1344, 672, 480, 1344, 1248, 768, 1344, 672, 768, 1152, 1440, 864, 768, 1440, 1152, 864, 768, 1248, 1056, 864, 1344, 576, 672, 672, 1152, 1248, 768, 768, 1440, 672, 672, 1344, 1248, 768, 672, 480, 1440, 480, 1152, 1152, 1152, 1056, 1248, 1248, 1152, 672, 576]
===============================================================================

===============================================================================
order of product 3 sent
===============================================================================

===============================================================================
updated parts buffer [384, 384, 384, 384, 384, 384, 384, 384, 384, 384, 384, 384, 384, 384, 384, 384, 384, 384, 384, 384, 384, 384, 384, 384, 384, 384, 384, 384, 384, 384, 384, 384, 384, 384, 384, 384, 384, 384, 384, 384, 384, 384, 384, 1056, 1344, 480, 1344, 672, 1248, 1248, 1248, 1344, 1344, 1344, 576, 384, 1344, 1248, 672, 1344, 576, 672, 1152, 1440, 768, 672, 1440, 1152, 768, 672, 1248, 1056, 768, 1344, 480, 576, 576, 1152, 1248, 672, 672, 1440, 576, 576, 1344, 1248, 672, 576, 384, 1440, 384, 1152, 1152, 1152, 1056, 1248, 1248, 1152, 576, 480]
===============================================================================

===============================================================================
day 14
===============================================================================

===============================================================================
parts buffer status on line 5:GREEN and buffer = [384, 384, 384, 384, 384, 384, 384, 384, 384, 384, 384, 384, 384, 384, 384, 384, 384, 384, 384, 384, 384, 384, 384, 384, 384, 384, 384, 384, 384, 384, 384, 384, 384, 384, 384, 384, 384, 384, 384, 384, 384, 384, 384, 1056, 1344, 480, 1344, 672, 1248, 1248, 1248, 1344, 1344, 1344, 576, 384, 1344, 1248, 672, 1344, 576, 672, 1152, 1440, 768, 672, 1440, 1152, 768, 672, 1248, 1056, 768, 1344, 480, 576, 576, 1152, 1248, 672, 672, 1440, 576, 576, 1344, 1248, 672, 576, 384, 1440, 384, 1152, 1152, 1152, 1056, 1248, 1248, 1152, 576, 480]
===============================================================================

===============================================================================
order of product 4 sent
===============================================================================

===============================================================================
updated parts buffer [288, 288, 288, 288, 288, 288, 288, 288, 288, 288, 288, 288, 288, 288, 288, 288, 288, 288, 288, 288, 288, 288, 288, 288, 288, 288, 288, 288, 288, 288, 288, 288, 288, 288, 288, 288, 288, 288, 288, 288, 288, 288, 288, 960, 1248, 384, 1248, 576, 1152, 1152, 1248, 1344, 1248, 1344, 576, 288, 1344, 1152, 576, 1344, 576, 672, 1056, 1440, 768, 672, 1440, 1056, 768, 672, 1248, 960, 768, 1344, 384, 480, 576, 1152, 1152, 576, 576, 1440, 576, 576, 1344, 1248, 672, 480, 288, 1440, 288, 1056, 1152, 1056, 960, 1152, 1152, 1056, 480, 384]
===============================================================================

===============================================================================
day 15
===============================================================================

===============================================================================
parts buffer status on line 5:GREEN and buffer = [288, 288, 288, 288, 288, 288, 288, 288, 288, 288, 288, 288, 288, 288, 288, 288, 288, 288, 288, 288, 288, 288, 288, 288, 288, 288, 288, 288, 288, 288, 288, 288, 288, 288, 288, 288, 288, 288, 288, 288, 288, 288, 288, 960, 1248, 384, 1248, 576, 1152, 1152, 1248, 1344, 1248, 1344, 576, 288, 1344, 1152, 576, 1344, 576, 672, 1056, 1440, 768, 672, 1440, 1056, 768, 672, 1248, 960, 768, 1344, 384, 480, 576, 1152, 1152, 576, 576, 1440, 576, 576, 1344, 1248, 672, 480, 288, 1440, 288, 1056, 1152, 1056, 960, 1152, 1152, 1056, 480, 384]
===============================================================================

===============================================================================
order of product 1 sent
===============================================================================

===============================================================================
updated parts buffer [192, 192, 192, 192, 192, 192, 192, 192, 192, 192, 192, 192, 192, 192, 192, 192, 192, 192, 192, 192, 192, 192, 192, 192, 192, 192, 192, 192, 192, 192, 192, 192, 192, 192, 192, 192, 192, 192, 192, 192, 192, 192, 192, 864, 1248, 288, 1248, 576, 1152, 1152, 1248, 1344, 1248, 1344, 480, 192, 1248, 1152, 576, 1344, 480, 672, 1056, 1440, 768, 672, 1440, 1056, 768, 672, 1152, 864, 768, 1344, 384, 480, 480, 1056, 1056, 576, 576, 1440, 576, 576, 1344, 1152, 672, 480, 192, 1440, 192, 960, 1056, 960, 864, 1152, 1056, 1056, 384, 384]
===============================================================================

===============================================================================
day 16
===============================================================================

===============================================================================
parts buffer status on line 5:YELLOW and buffer = [192, 192, 192, 192, 192, 192, 192, 192, 192, 192, 192, 192, 192, 192, 192, 192, 192, 192, 192, 192, 192, 192, 192, 192, 192, 192, 192, 192, 192, 192, 192, 192, 192, 192, 192, 192, 192, 192, 192, 192, 192, 192, 192, 864, 1248, 288, 1248, 576, 1152, 1152, 1248, 1344, 1248, 1344, 480, 192, 1248, 1152, 576, 1344, 480, 672, 1056, 1440, 768, 672, 1440, 1056, 768, 672, 1152, 864, 768, 1344, 384, 480, 480, 1056, 1056, 576, 576, 1440, 576, 576, 1344, 1152, 672, 480, 192, 1440, 192, 960, 1056, 960, 864, 1152, 1056, 1056, 384, 384]
===============================================================================

===============================================================================
order of product 3 sent
===============================================================================

===============================================================================
updated parts buffer [96, 96, 96, 96, 96, 96, 96, 96, 96, 96, 96, 96, 96, 96, 96, 96, 96, 96, 96, 96, 96, 96, 96, 96, 96, 96, 96, 96, 96, 96, 96, 96, 96, 96, 96, 96, 96, 96, 96, 96, 96, 96, 96, 864, 1248, 192, 1248, 480, 1152, 1152, 1248, 1344, 1248, 1344, 384, 96, 1248, 1152, 480, 1344, 384, 576, 1056, 1440, 672, 576, 1440, 1056, 672, 576, 1152, 864, 672, 1344, 288, 384, 384, 1056, 1056, 480, 480, 1440, 480, 480, 1344, 1152, 576, 384, 96, 1440, 96, 960, 1056, 960, 864, 1152, 1056, 1056, 288, 288]
===============================================================================

===============================================================================
day 17
===============================================================================

===============================================================================
parts buffer status on line 5:RED and buffer = [96, 96, 96, 96, 96, 96, 96, 96, 96, 96, 96, 96, 96, 96, 96, 96, 96, 96, 96, 96, 96, 96, 96, 96, 96, 96, 96, 96, 96, 96, 96, 96, 96, 96, 96, 96, 96, 96, 96, 96, 96, 96, 96, 864, 1248, 192, 1248, 480, 1152, 1152, 1248, 1344, 1248, 1344, 384, 96, 1248, 1152, 480, 1344, 384, 576, 1056, 1440, 672, 576, 1440, 1056, 672, 576, 1152, 864, 672, 1344, 288, 384, 384, 1056, 1056, 480, 480, 1440, 480, 480, 1344, 1152, 576, 384, 96, 1440, 96, 960, 1056, 960, 864, 1152, 1056, 1056, 288, 288]
===============================================================================

===============================================================================
received parts! updated parts buffer [1536, 1536, 1536, 1536, 1536, 1536, 1536, 1536, 1536, 1536, 1536, 1536, 1536, 1536, 1536, 1536, 1536, 1536, 1536, 1536, 1536, 1536, 1536, 1536, 1536, 1536, 1536, 1536, 1536, 1536, 1536, 1536, 1536, 1536, 1536, 1536, 1536, 1536, 1536, 1536, 1536, 1536, 1536, 864, 1248, 192, 1248, 480, 1152, 1152, 1248, 1344, 1248, 1344, 384, 1536, 1248, 1152, 480, 1344, 384, 576, 1056, 1440, 672, 576, 1440, 1056, 672, 576, 1152, 864, 672, 1344, 288, 384, 384, 1056, 1056, 480, 480, 1440, 480, 480, 1344, 1152, 576, 384, 1536, 1440, 1536, 960, 1056, 960, 864, 1152, 1056, 1056, 288, 288]
===============================================================================

===============================================================================
order of product 3 sent
===============================================================================

===============================================================================
updated parts buffer [1488, 1488, 1488, 1488, 1488, 1488, 1488, 1488, 1488, 1488, 1488, 1488, 1488, 1488, 1488, 1488, 1488, 1488, 1488, 1488, 1488, 1488, 1488, 1488, 1488, 1488, 1488, 1488, 1488, 1488, 1488, 1488, 1488, 1488, 1488, 1488, 1488, 1488, 1488, 1488, 1488, 1488, 1488, 864, 1248, 144, 1248, 432, 1152, 1152, 1248, 1344, 1248, 1344, 336, 1488, 1248, 1152, 432, 1344, 336, 528, 1056, 1440, 624, 528, 1440, 1056, 624, 528, 1152, 864, 624, 1344, 240, 336, 336, 1056, 1056, 432, 432, 1440, 432, 432, 1344, 1152, 528, 336, 1488, 1440, 1488, 960, 1056, 960, 864, 1152, 1056, 1056, 240, 240]
===============================================================================

===============================================================================
day 18
===============================================================================

===============================================================================
parts buffer status on line 5:YELLOW and buffer = [1488, 1488, 1488, 1488, 1488, 1488, 1488, 1488, 1488, 1488, 1488, 1488, 1488, 1488, 1488, 1488, 1488, 1488, 1488, 1488, 1488, 1488, 1488, 1488, 1488, 1488, 1488, 1488, 1488, 1488, 1488, 1488, 1488, 1488, 1488, 1488, 1488, 1488, 1488, 1488, 1488, 1488, 1488, 864, 1248, 144, 1248, 432, 1152, 1152, 1248, 1344, 1248, 1344, 336, 1488, 1248, 1152, 432, 1344, 336, 528, 1056, 1440, 624, 528, 1440, 1056, 624, 528, 1152, 864, 624, 1344, 240, 336, 336, 1056, 1056, 432, 432, 1440, 432, 432, 1344, 1152, 528, 336, 1488, 1440, 1488, 960, 1056, 960, 864, 1152, 1056, 1056, 240, 240]
===============================================================================

===============================================================================
order of product 1 sent
===============================================================================

===============================================================================
updated parts buffer [1392, 1392, 1392, 1392, 1392, 1392, 1392, 1392, 1392, 1392, 1392, 1392, 1392, 1392, 1392, 1392, 1392, 1392, 1392, 1392, 1392, 1392, 1392, 1392, 1392, 1392, 1392, 1392, 1392, 1392, 1392, 1392, 1392, 1392, 1392, 1392, 1392, 1392, 1392, 1392, 1392, 1392, 1392, 768, 1248, 48, 1248, 432, 1152, 1152, 1248, 1344, 1248, 1344, 240, 1392, 1152, 1152, 432, 1344, 240, 528, 1056, 1440, 624, 528, 1440, 1056, 624, 528, 1056, 768, 624, 1344, 240, 336, 240, 960, 960, 432, 432, 1440, 432, 432, 1344, 1056, 528, 336, 1392, 1440, 1392, 864, 960, 864, 768, 1152, 960, 1056, 144, 240]
===============================================================================

===============================================================================
day 19
===============================================================================

===============================================================================
parts buffer status on line 5:YELLOW and buffer = [1392, 1392, 1392, 1392, 1392, 1392, 1392, 1392, 1392, 1392, 1392, 1392, 1392, 1392, 1392, 1392, 1392, 1392, 1392, 1392, 1392, 1392, 1392, 1392, 1392, 1392, 1392, 1392, 1392, 1392, 1392, 1392, 1392, 1392, 1392, 1392, 1392, 1392, 1392, 1392, 1392, 1392, 1392, 768, 1248, 48, 1248, 432, 1152, 1152, 1248, 1344, 1248, 1344, 240, 1392, 1152, 1152, 432, 1344, 240, 528, 1056, 1440, 624, 528, 1440, 1056, 624, 528, 1056, 768, 624, 1344, 240, 336, 240, 960, 960, 432, 432, 1440, 432, 432, 1344, 1056, 528, 336, 1392, 1440, 1392, 864, 960, 864, 768, 1152, 960, 1056, 144, 240]
===============================================================================

===============================================================================
received parts! updated parts buffer [1392, 1392, 1392, 1392, 1392, 1392, 1392, 1392, 1392, 1392, 1392, 1392, 1392, 1392, 1392, 1392, 1392, 1392, 1392, 1392, 1392, 1392, 1392, 1392, 1392, 1392, 1392, 1392, 1392, 1392, 1392, 1392, 1392, 1392, 1392, 1392, 1392, 1392, 1392, 1392, 1392, 1392, 1392, 768, 1248, 1488, 1248, 432, 1152, 1152, 1248, 1344, 1248, 1344, 240, 1392, 1152, 1152, 432, 1344, 240, 528, 1056, 1440, 624, 528, 1440, 1056, 624, 528, 1056, 768, 624, 1344, 240, 336, 240, 960, 960, 432, 432, 1440, 432, 432, 1344, 1056, 528, 336, 1392, 1440, 1392, 864, 960, 864, 768, 1152, 960, 1056, 144, 240]
===============================================================================

===============================================================================
order of product 1 sent
===============================================================================

===============================================================================
updated parts buffer [1344, 1344, 1344, 1344, 1344, 1344, 1344, 1344, 1344, 1344, 1344, 1344, 1344, 1344, 1344, 1344, 1344, 1344, 1344, 1344, 1344, 1344, 1344, 1344, 1344, 1344, 1344, 1344, 1344, 1344, 1344, 1344, 1344, 1344, 1344, 1344, 1344, 1344, 1344, 1344, 1344, 1344, 1344, 720, 1248, 1440, 1248, 432, 1152, 1152, 1248, 1344, 1248, 1344, 192, 1344, 1104, 1152, 432, 1344, 192, 528, 1056, 1440, 624, 528, 1440, 1056, 624, 528, 1008, 720, 624, 1344, 240, 336, 192, 912, 912, 432, 432, 1440, 432, 432, 1344, 1008, 528, 336, 1344, 1440, 1344, 816, 912, 816, 720, 1152, 912, 1056, 96, 240]
===============================================================================

===============================================================================
day 20
===============================================================================

===============================================================================
parts buffer status on line 5:YELLOW and buffer = [1344, 1344, 1344, 1344, 1344, 1344, 1344, 1344, 1344, 1344, 1344, 1344, 1344, 1344, 1344, 1344, 1344, 1344, 1344, 1344, 1344, 1344, 1344, 1344, 1344, 1344, 1344, 1344, 1344, 1344, 1344, 1344, 1344, 1344, 1344, 1344, 1344, 1344, 1344, 1344, 1344, 1344, 1344, 720, 1248, 1440, 1248, 432, 1152, 1152, 1248, 1344, 1248, 1344, 192, 1344, 1104, 1152, 432, 1344, 192, 528, 1056, 1440, 624, 528, 1440, 1056, 624, 528, 1008, 720, 624, 1344, 240, 336, 192, 912, 912, 432, 432, 1440, 432, 432, 1344, 1008, 528, 336, 1344, 1440, 1344, 816, 912, 816, 720, 1152, 912, 1056, 96, 240]
===============================================================================

===============================================================================
received parts! updated parts buffer [1344, 1344, 1344, 1344, 1344, 1344, 1344, 1344, 1344, 1344, 1344, 1344, 1344, 1344, 1344, 1344, 1344, 1344, 1344, 1344, 1344, 1344, 1344, 1344, 1344, 1344, 1344, 1344, 1344, 1344, 1344, 1344, 1344, 1344, 1344, 1344, 1344, 1344, 1344, 1344, 1344, 1344, 1344, 720, 1248, 1440, 1248, 432, 1152, 1152, 1248, 1344, 1248, 1344, 192, 1344, 1104, 1152, 432, 1344, 192, 528, 1056, 1440, 624, 528, 1440, 1056, 624, 528, 1008, 720, 624, 1344, 240, 336, 192, 912, 912, 432, 432, 1440, 432, 432, 1344, 1008, 528, 336, 1344, 1440, 1344, 816, 912, 816, 720, 1152, 912, 1056, 1536, 240]
===============================================================================

===============================================================================
order of product 1 sent
===============================================================================

===============================================================================
updated parts buffer [1248, 1248, 1248, 1248, 1248, 1248, 1248, 1248, 1248, 1248, 1248, 1248, 1248, 1248, 1248, 1248, 1248, 1248, 1248, 1248, 1248, 1248, 1248, 1248, 1248, 1248, 1248, 1248, 1248, 1248, 1248, 1248, 1248, 1248, 1248, 1248, 1248, 1248, 1248, 1248, 1248, 1248, 1248, 624, 1248, 1344, 1248, 432, 1152, 1152, 1248, 1344, 1248, 1344, 96, 1248, 1008, 1152, 432, 1344, 96, 528, 1056, 1440, 624, 528, 1440, 1056, 624, 528, 912, 624, 624, 1344, 240, 336, 96, 816, 816, 432, 432, 1440, 432, 432, 1344, 912, 528, 336, 1248, 1440, 1248, 720, 816, 720, 624, 1152, 816, 1056, 1440, 240]
===============================================================================

===============================================================================
day 21
===============================================================================

===============================================================================
parts buffer status on line 5:YELLOW and buffer = [1248, 1248, 1248, 1248, 1248, 1248, 1248, 1248, 1248, 1248, 1248, 1248, 1248, 1248, 1248, 1248, 1248, 1248, 1248, 1248, 1248, 1248, 1248, 1248, 1248, 1248, 1248, 1248, 1248, 1248, 1248, 1248, 1248, 1248, 1248, 1248, 1248, 1248, 1248, 1248, 1248, 1248, 1248, 624, 1248, 1344, 1248, 432, 1152, 1152, 1248, 1344, 1248, 1344, 96, 1248, 1008, 1152, 432, 1344, 96, 528, 1056, 1440, 624, 528, 1440, 1056, 624, 528, 912, 624, 624, 1344, 240, 336, 96, 816, 816, 432, 432, 1440, 432, 432, 1344, 912, 528, 336, 1248, 1440, 1248, 720, 816, 720, 624, 1152, 816, 1056, 1440, 240]
===============================================================================

===============================================================================
order of product 5 sent
===============================================================================

===============================================================================
updated parts buffer [1200, 1200, 1200, 1200, 1200, 1200, 1200, 1200, 1200, 1200, 1200, 1200, 1200, 1200, 1200, 1200, 1200, 1200, 1200, 1200, 1200, 1200, 1200, 1200, 1200, 1200, 1200, 1200, 1200, 1200, 1200, 1200, 1200, 1200, 1200, 1200, 1200, 1200, 1200, 1200, 1200, 1200, 1200, 576, 1248, 1296, 1248, 432, 1104, 1152, 1200, 1296, 1248, 1296, 96, 1200, 1008, 1104, 432, 1296, 96, 528, 1008, 1440, 624, 480, 1440, 1008, 624, 480, 912, 576, 624, 1296, 192, 288, 48, 768, 816, 432, 432, 1440, 384, 384, 1344, 864, 480, 288, 1200, 1440, 1200, 672, 768, 672, 576, 1104, 816, 1008, 1440, 192]
===============================================================================

===============================================================================
day 1
===============================================================================

===============================================================================
parts buffer status on line 5:RED and buffer = [0, 0, 0, 0, 0, 0, 0, 0, 0, 0, 0, 0, 0, 0, 0, 0, 0, 0, 0, 0, 0, 0, 0, 0, 0, 0, 0, 0, 0, 0, 0, 0, 0, 0, 0, 0, 0, 0, 0, 0, 0, 0, 0, 0, 0, 0, 0, 0, 0, 0, 0, 0, 0, 0, 0, 0, 0, 0, 0, 0, 0, 0, 0, 0, 0, 0, 0, 0, 0, 0, 0, 0, 0, 0, 0, 0, 0, 0, 0, 0, 0, 0, 0, 0, 0, 0, 0, 0, 0, 0, 0, 0, 0, 0, 0, 0, 0, 0, 0, 0]
===============================================================================

===============================================================================
day 2
===============================================================================

===============================================================================
parts buffer status on line 5:RED and buffer = [0, 0, 0, 0, 0, 0, 0, 0, 0, 0, 0, 0, 0, 0, 0, 0, 0, 0, 0, 0, 0, 0, 0, 0, 0, 0, 0, 0, 0, 0, 0, 0, 0, 0, 0, 0, 0, 0, 0, 0, 0, 0, 0, 0, 0, 0, 0, 0, 0, 0, 0, 0, 0, 0, 0, 0, 0, 0, 0, 0, 0, 0, 0, 0, 0, 0, 0, 0, 0, 0, 0, 0, 0, 0, 0, 0, 0, 0, 0, 0, 0, 0, 0, 0, 0, 0, 0, 0, 0, 0, 0, 0, 0, 0, 0, 0, 0, 0, 0, 0]
===============================================================================

===============================================================================
LINE 5 BROKE: LACK OF PART STOCK
===============================================================================

===============================================================================
day 3
===============================================================================

===============================================================================
parts buffer status on line 5:RED and buffer = [0, 0, 0, 0, 0, 0, 0, 0, 0, 0, 0, 0, 0, 0, 0, 0, 0, 0, 0, 0, 0, 0, 0, 0, 0, 0, 0, 0, 0, 0, 0, 0, 0, 0, 0, 0, 0, 0, 0, 0, 0, 0, 0, 0, 0, 0, 0, 0, 0, 0, 0, 0, 0, 0, 0, 0, 0, 0, 0, 0, 0, 0, 0, 0, 0, 0, 0, 0, 0, 0, 0, 0, 0, 0, 0, 0, 0, 0, 0, 0, 0, 0, 0, 0, 0, 0, 0, 0, 0, 0, 0, 0, 0, 0, 0, 0, 0, 0, 0, 0]
===============================================================================

===============================================================================
LINE 5 BROKE: LACK OF PART STOCK
===============================================================================

===============================================================================
day 4
===============================================================================

===============================================================================
parts buffer status on line 5:RED and buffer = [0, 0, 0, 0, 0, 0, 0, 0, 0, 0, 0, 0, 0, 0, 0, 0, 0, 0, 0, 0, 0, 0, 0, 0, 0, 0, 0, 0, 0, 0, 0, 0, 0, 0, 0, 0, 0, 0, 0, 0, 0, 0, 0, 0, 0, 0, 0, 0, 0, 0, 0, 0, 0, 0, 0, 0, 0, 0, 0, 0, 0, 0, 0, 0, 0, 0, 0, 0, 0, 0, 0, 0, 0, 0, 0, 0, 0, 0, 0, 0, 0, 0, 0, 0, 0, 0, 0, 0, 0, 0, 0, 0, 0, 0, 0, 0, 0, 0, 0, 0]
===============================================================================

===============================================================================
LINE 5 BROKE: LACK OF PART STOCK
===============================================================================

===============================================================================
day 5
===============================================================================

===============================================================================
parts buffer status on line 5:RED and buffer = [0, 0, 0, 0, 0, 0, 0, 0, 0, 0, 0, 0, 0, 0, 0, 0, 0, 0, 0, 0, 0, 0, 0, 0, 0, 0, 0, 0, 0, 0, 0, 0, 0, 0, 0, 0, 0, 0, 0, 0, 0, 0, 0, 0, 0, 0, 0, 0, 0, 0, 0, 0, 0, 0, 0, 0, 0, 0, 0, 0, 0, 0, 0, 0, 0, 0, 0, 0, 0, 0, 0, 0, 0, 0, 0, 0, 0, 0, 0, 0, 0, 0, 0, 0, 0, 0, 0, 0, 0, 0, 0, 0, 0, 0, 0, 0, 0, 0, 0, 0]
===============================================================================

===============================================================================
LINE 5 BROKE: LACK OF PART STOCK
===============================================================================

===============================================================================
day 6
===============================================================================

===============================================================================
parts buffer status on line 5:RED and buffer = [0, 0, 0, 0, 0, 0, 0, 0, 0, 0, 0, 0, 0, 0, 0, 0, 0, 0, 0, 0, 0, 0, 0, 0, 0, 0, 0, 0, 0, 0, 0, 0, 0, 0, 0, 0, 0, 0, 0, 0, 0, 0, 0, 0, 0, 0, 0, 0, 0, 0, 0, 0, 0, 0, 0, 0, 0, 0, 0, 0, 0, 0, 0, 0, 0, 0, 0, 0, 0, 0, 0, 0, 0, 0, 0, 0, 0, 0, 0, 0, 0, 0, 0, 0, 0, 0, 0, 0, 0, 0, 0, 0, 0, 0, 0, 0, 0, 0, 0, 0]
===============================================================================

===============================================================================
LINE 5 BROKE: LACK OF PART STOCK
===============================================================================

===============================================================================
day 7
===============================================================================

===============================================================================
parts buffer status on line 5:RED and buffer = [0, 0, 0, 0, 0, 0, 0, 0, 0, 0, 0, 0, 0, 0, 0, 0, 0, 0, 0, 0, 0, 0, 0, 0, 0, 0, 0, 0, 0, 0, 0, 0, 0, 0, 0, 0, 0, 0, 0, 0, 0, 0, 0, 0, 0, 0, 0, 0, 0, 0, 0, 0, 0, 0, 0, 0, 0, 0, 0, 0, 0, 0, 0, 0, 0, 0, 0, 0, 0, 0, 0, 0, 0, 0, 0, 0, 0, 0, 0, 0, 0, 0, 0, 0, 0, 0, 0, 0, 0, 0, 0, 0, 0, 0, 0, 0, 0, 0, 0, 0]
===============================================================================

===============================================================================
LINE 5 BROKE: LACK OF PART STOCK
===============================================================================

===============================================================================
day 8
===============================================================================

===============================================================================
parts buffer status on line 5:RED and buffer = [0, 0, 0, 0, 0, 0, 0, 0, 0, 0, 0, 0, 0, 0, 0, 0, 0, 0, 0, 0, 0, 0, 0, 0, 0, 0, 0, 0, 0, 0, 0, 0, 0, 0, 0, 0, 0, 0, 0, 0, 0, 0, 0, 0, 0, 0, 0, 0, 0, 0, 0, 0, 0, 0, 0, 0, 0, 0, 0, 0, 0, 0, 0, 0, 0, 0, 0, 0, 0, 0, 0, 0, 0, 0, 0, 0, 0, 0, 0, 0, 0, 0, 0, 0, 0, 0, 0, 0, 0, 0, 0, 0, 0, 0, 0, 0, 0, 0, 0, 0]
===============================================================================

===============================================================================
LINE 5 BROKE: LACK OF PART STOCK
===============================================================================

===============================================================================
day 9
===============================================================================

===============================================================================
parts buffer status on line 5:RED and buffer = [0, 0, 0, 0, 0, 0, 0, 0, 0, 0, 0, 0, 0, 0, 0, 0, 0, 0, 0, 0, 0, 0, 0, 0, 0, 0, 0, 0, 0, 0, 0, 0, 0, 0, 0, 0, 0, 0, 0, 0, 0, 0, 0, 0, 0, 0, 0, 0, 0, 0, 0, 0, 0, 0, 0, 0, 0, 0, 0, 0, 0, 0, 0, 0, 0, 0, 0, 0, 0, 0, 0, 0, 0, 0, 0, 0, 0, 0, 0, 0, 0, 0, 0, 0, 0, 0, 0, 0, 0, 0, 0, 0, 0, 0, 0, 0, 0, 0, 0, 0]
===============================================================================

===============================================================================
LINE 5 BROKE: LACK OF PART STOCK
===============================================================================

===============================================================================
day 10
===============================================================================

===============================================================================
parts buffer status on line 5:RED and buffer = [0, 0, 0, 0, 0, 0, 0, 0, 0, 0, 0, 0, 0, 0, 0, 0, 0, 0, 0, 0, 0, 0, 0, 0, 0, 0, 0, 0, 0, 0, 0, 0, 0, 0, 0, 0, 0, 0, 0, 0, 0, 0, 0, 0, 0, 0, 0, 0, 0, 0, 0, 0, 0, 0, 0, 0, 0, 0, 0, 0, 0, 0, 0, 0, 0, 0, 0, 0, 0, 0, 0, 0, 0, 0, 0, 0, 0, 0, 0, 0, 0, 0, 0, 0, 0, 0, 0, 0, 0, 0, 0, 0, 0, 0, 0, 0, 0, 0, 0, 0]
===============================================================================

===============================================================================
LINE 5 BROKE: LACK OF PART STOCK
===============================================================================

===============================================================================
day 11
===============================================================================

===============================================================================
parts buffer status on line 5:RED and buffer = [0, 0, 0, 0, 0, 0, 0, 0, 0, 0, 0, 0, 0, 0, 0, 0, 0, 0, 0, 0, 0, 0, 0, 0, 0, 0, 0, 0, 0, 0, 0, 0, 0, 0, 0, 0, 0, 0, 0, 0, 0, 0, 0, 0, 0, 0, 0, 0, 0, 0, 0, 0, 0, 0, 0, 0, 0, 0, 0, 0, 0, 0, 0, 0, 0, 0, 0, 0, 0, 0, 0, 0, 0, 0, 0, 0, 0, 0, 0, 0, 0, 0, 0, 0, 0, 0, 0, 0, 0, 0, 0, 0, 0, 0, 0, 0, 0, 0, 0, 0]
===============================================================================

===============================================================================
LINE 5 BROKE: LACK OF PART STOCK
===============================================================================

===============================================================================
day 12
===============================================================================

===============================================================================
parts buffer status on line 5:RED and buffer = [0, 0, 0, 0, 0, 0, 0, 0, 0, 0, 0, 0, 0, 0, 0, 0, 0, 0, 0, 0, 0, 0, 0, 0, 0, 0, 0, 0, 0, 0, 0, 0, 0, 0, 0, 0, 0, 0, 0, 0, 0, 0, 0, 0, 0, 0, 0, 0, 0, 0, 0, 0, 0, 0, 0, 0, 0, 0, 0, 0, 0, 0, 0, 0, 0, 0, 0, 0, 0, 0, 0, 0, 0, 0, 0, 0, 0, 0, 0, 0, 0, 0, 0, 0, 0, 0, 0, 0, 0, 0, 0, 0, 0, 0, 0, 0, 0, 0, 0, 0]
===============================================================================

===============================================================================
LINE 5 BROKE: LACK OF PART STOCK
===============================================================================

===============================================================================
day 13
===============================================================================

===============================================================================
parts buffer status on line 5:RED and buffer = [0, 0, 0, 0, 0, 0, 0, 0, 0, 0, 0, 0, 0, 0, 0, 0, 0, 0, 0, 0, 0, 0, 0, 0, 0, 0, 0, 0, 0, 0, 0, 0, 0, 0, 0, 0, 0, 0, 0, 0, 0, 0, 0, 0, 0, 0, 0, 0, 0, 0, 0, 0, 0, 0, 0, 0, 0, 0, 0, 0, 0, 0, 0, 0, 0, 0, 0, 0, 0, 0, 0, 0, 0, 0, 0, 0, 0, 0, 0, 0, 0, 0, 0, 0, 0, 0, 0, 0, 0, 0, 0, 0, 0, 0, 0, 0, 0, 0, 0, 0]
===============================================================================

===============================================================================
LINE 5 BROKE: LACK OF PART STOCK
===============================================================================

===============================================================================
day 14
===============================================================================

===============================================================================
parts buffer status on line 5:RED and buffer = [0, 0, 0, 0, 0, 0, 0, 0, 0, 0, 0, 0, 0, 0, 0, 0, 0, 0, 0, 0, 0, 0, 0, 0, 0, 0, 0, 0, 0, 0, 0, 0, 0, 0, 0, 0, 0, 0, 0, 0, 0, 0, 0, 0, 0, 0, 0, 0, 0, 0, 0, 0, 0, 0, 0, 0, 0, 0, 0, 0, 0, 0, 0, 0, 0, 0, 0, 0, 0, 0, 0, 0, 0, 0, 0, 0, 0, 0, 0, 0, 0, 0, 0, 0, 0, 0, 0, 0, 0, 0, 0, 0, 0, 0, 0, 0, 0, 0, 0, 0]
===============================================================================

===============================================================================
LINE 5 BROKE: LACK OF PART STOCK
===============================================================================

===============================================================================
day 15
===============================================================================

===============================================================================
parts buffer status on line 5:RED and buffer = [0, 0, 0, 0, 0, 0, 0, 0, 0, 0, 0, 0, 0, 0, 0, 0, 0, 0, 0, 0, 0, 0, 0, 0, 0, 0, 0, 0, 0, 0, 0, 0, 0, 0, 0, 0, 0, 0, 0, 0, 0, 0, 0, 0, 0, 0, 0, 0, 0, 0, 0, 0, 0, 0, 0, 0, 0, 0, 0, 0, 0, 0, 0, 0, 0, 0, 0, 0, 0, 0, 0, 0, 0, 0, 0, 0, 0, 0, 0, 0, 0, 0, 0, 0, 0, 0, 0, 0, 0, 0, 0, 0, 0, 0, 0, 0, 0, 0, 0, 0]
===============================================================================

===============================================================================
LINE 5 BROKE: LACK OF PART STOCK
===============================================================================

===============================================================================
day 16
===============================================================================

===============================================================================
parts buffer status on line 5:RED and buffer = [0, 0, 0, 0, 0, 0, 0, 0, 0, 0, 0, 0, 0, 0, 0, 0, 0, 0, 0, 0, 0, 0, 0, 0, 0, 0, 0, 0, 0, 0, 0, 0, 0, 0, 0, 0, 0, 0, 0, 0, 0, 0, 0, 0, 0, 0, 0, 0, 0, 0, 0, 0, 0, 0, 0, 0, 0, 0, 0, 0, 0, 0, 0, 0, 0, 0, 0, 0, 0, 0, 0, 0, 0, 0, 0, 0, 0, 0, 0, 0, 0, 0, 0, 0, 0, 0, 0, 0, 0, 0, 0, 0, 0, 0, 0, 0, 0, 0, 0, 0]
===============================================================================

===============================================================================
LINE 5 BROKE: LACK OF PART STOCK
===============================================================================

===============================================================================
day 17
===============================================================================

===============================================================================
parts buffer status on line 5:RED and buffer = [0, 0, 0, 0, 0, 0, 0, 0, 0, 0, 0, 0, 0, 0, 0, 0, 0, 0, 0, 0, 0, 0, 0, 0, 0, 0, 0, 0, 0, 0, 0, 0, 0, 0, 0, 0, 0, 0, 0, 0, 0, 0, 0, 0, 0, 0, 0, 0, 0, 0, 0, 0, 0, 0, 0, 0, 0, 0, 0, 0, 0, 0, 0, 0, 0, 0, 0, 0, 0, 0, 0, 0, 0, 0, 0, 0, 0, 0, 0, 0, 0, 0, 0, 0, 0, 0, 0, 0, 0, 0, 0, 0, 0, 0, 0, 0, 0, 0, 0, 0]
===============================================================================

===============================================================================
LINE 5 BROKE: LACK OF PART STOCK
===============================================================================

===============================================================================
day 18
===============================================================================

===============================================================================
parts buffer status on line 5:RED and buffer = [0, 0, 0, 0, 0, 0, 0, 0, 0, 0, 0, 0, 0, 0, 0, 0, 0, 0, 0, 0, 0, 0, 0, 0, 0, 0, 0, 0, 0, 0, 0, 0, 0, 0, 0, 0, 0, 0, 0, 0, 0, 0, 0, 0, 0, 0, 0, 0, 0, 0, 0, 0, 0, 0, 0, 0, 0, 0, 0, 0, 0, 0, 0, 0, 0, 0, 0, 0, 0, 0, 0, 0, 0, 0, 0, 0, 0, 0, 0, 0, 0, 0, 0, 0, 0, 0, 0, 0, 0, 0, 0, 0, 0, 0, 0, 0, 0, 0, 0, 0]
===============================================================================

===============================================================================
LINE 5 BROKE: LACK OF PART STOCK
===============================================================================
